NM_074174.3,158,163,260,265,6,ACTCGG
NM_074174.3,187,193,219,225,7,AGCAGCA
NM_074174.3,193,199,205,211,7,ATCGGCT
NM_074174.3,35,40,69,74,6,ATCTTC
NM_074174.3,1,5,269,273,5,ATGCT
NM_074174.3,1,5,7,11,5,ATGCT
NM_074174.3,1,5,242,246,5,ATGCT
NM_074174.3,7,11,269,273,5,ATGCT
NM_074174.3,242,246,269,273,5,ATGCT
NM_074174.3,46,51,253,258,6,ATGTCC
NM_074174.3,44,49,224,229,6,CAATGT
NM_074174.3,26,32,285,291,7,CCTCTTC
NM_074174.3,54,59,75,80,6,CGTTTT
NM_074174.3,102,107,258,263,6,CTACTC
NM_074174.3,21,24,245,248,4,CTCA
NM_074174.3,143,146,245,248,4,CTCA
NM_074174.3,21,24,113,116,4,CTCA
NM_074174.3,10,13,21,24,4,CTCA
NM_074174.3,10,13,113,116,4,CTCA
NM_074174.3,10,13,143,146,4,CTCA
NM_074174.3,105,112,123,130,8,CTCCTCGT
NM_074174.3,71,76,272,277,6,CTTCCG
NM_074174.3,120,125,140,145,6,CTTCTC
NM_074174.3,118,123,235,240,6,GACTTC
NM_074174.3,181,186,202,207,6,GAGATC
NM_074174.3,172,178,232,238,7,GATGACT
NM_074174.3,6,13,241,248,8,GATGCTCA
NM_074174.3,117,122,303,308,6,GGACTT
NM_074174.3,31,34,160,163,4,TCGG
NM_074174.3,160,163,194,197,4,TCGG
NM_074174.3,160,163,206,209,4,TCGG
NM_074174.3,31,34,194,197,4,TCGG
NM_074174.3,31,34,206,209,4,TCGG
NM_074174.3,31,34,262,265,4,TCGG
NM_074174.3,109,114,294,299,6,TCGTCT
NM_074174.3,70,75,287,292,6,TCTTCC
NM_074174.3,36,41,297,302,6,TCTTCT
NM_074174.3,36,41,139,144,6,TCTTCT
NM_074174.3,139,144,297,302,6,TCTTCT
NM_074174.3,38,43,100,105,6,TTCTAC
NM_074174.3,38,43,79,84,6,TTCTAC
NM_074174.3,79,84,100,105,6,TTCTAC
NM_074174.3,16,21,148,153,6,TTTGCC
NM_074174.3,56,62,167,173,7,TTTTTGA
NM_066915.4,253,259,376,382,7,AAGACCG
NM_066915.4,240,246,389,395,7,ACACCAC
NM_066915.4,34,37,334,337,4,ACCG
NM_066915.4,34,37,394,397,4,ACCG
NM_066915.4,334,337,379,382,4,ACCG
NM_066915.4,379,382,394,397,4,ACCG
NM_066915.4,145,148,256,259,4,ACCG
NM_066915.4,34,37,145,148,4,ACCG
NM_066915.4,145,148,379,382,4,ACCG
NM_066915.4,34,37,256,259,4,ACCG
NM_066915.4,256,259,334,337,4,ACCG
NM_066915.4,256,259,394,397,4,ACCG
NM_066915.4,256,259,466,469,4,ACCG
NM_066915.4,131,138,245,252,8,ACGAGGTC
NM_066915.4,39,46,298,305,8,ACTCTTCC
NM_066915.4,101,105,418,422,5,ACTTC
NM_066915.4,50,54,101,105,5,ACTTC
NM_066915.4,50,54,418,422,5,ACTTC
NM_066915.4,254,256,443,445,3,AGA
NM_066915.4,152,154,254,256,3,AGA
NM_066915.4,377,379,443,445,3,AGA
NM_066915.4,152,154,377,379,3,AGA
NM_066915.4,140,142,254,256,3,AGA
NM_066915.4,140,142,377,379,3,AGA
NM_066915.4,275,277,443,445,3,AGA
NM_066915.4,152,154,275,277,3,AGA
NM_066915.4,195,197,443,445,3,AGA
NM_066915.4,152,154,195,197,3,AGA
NM_066915.4,140,142,275,277,3,AGA
NM_066915.4,140,142,195,197,3,AGA
NM_066915.4,275,277,356,358,3,AGA
NM_066915.4,195,197,356,358,3,AGA
NM_066915.4,254,256,356,358,3,AGA
NM_066915.4,356,358,377,379,3,AGA
NM_066915.4,140,142,356,358,3,AGA
NM_066915.4,275,277,277,279,3,AGA
NM_066915.4,195,197,277,279,3,AGA
NM_066915.4,254,256,277,279,3,AGA
NM_066915.4,277,279,377,379,3,AGA
NM_066915.4,277,279,443,445,3,AGA
NM_066915.4,152,154,277,279,3,AGA
NM_066915.4,454,458,473,477,5,AGCAC
NM_066915.4,260,264,473,477,5,AGCAC
NM_066915.4,260,264,454,458,5,AGCAC
NM_066915.4,203,209,248,254,7,AGGTCAA
NM_066915.4,328,335,412,419,8,ATCCACAC
NM_066915.4,121,125,387,391,5,CAACA
NM_066915.4,108,112,387,391,5,CAACA
NM_066915.4,105,109,121,125,5,CAACA
NM_066915.4,96,100,121,125,5,CAACA
NM_066915.4,121,125,342,346,5,CAACA
NM_066915.4,105,109,108,112,5,CAACA
NM_066915.4,96,100,108,112,5,CAACA
NM_066915.4,108,112,342,346,5,CAACA
NM_066915.4,105,109,387,391,5,CAACA
NM_066915.4,96,100,387,391,5,CAACA
NM_066915.4,342,346,387,391,5,CAACA
NM_066915.4,186,189,273,276,4,CAAG
NM_066915.4,165,168,273,276,4,CAAG
NM_066915.4,273,276,345,348,4,CAAG
NM_066915.4,186,189,345,348,4,CAAG
NM_066915.4,165,168,345,348,4,CAAG
NM_066915.4,252,255,345,348,4,CAAG
NM_066915.4,85,88,119,122,4,CACA
NM_066915.4,119,122,325,328,4,CACA
NM_066915.4,85,88,331,334,4,CACA
NM_066915.4,85,88,415,418,4,CACA
NM_066915.4,325,328,331,334,4,CACA
NM_066915.4,325,328,415,418,4,CACA
NM_066915.4,456,465,459,468,10,CACCACCACC
NM_066915.4,390,397,462,469,8,CACCACCG
NM_066915.4,87,91,453,457,5,CAGCA
NM_066915.4,87,91,270,274,5,CAGCA
NM_066915.4,270,274,453,457,5,CAGCA
NM_066915.4,111,114,449,452,4,CATC
NM_066915.4,327,330,363,366,4,CATC
NM_066915.4,111,114,339,342,4,CATC
NM_066915.4,327,330,339,342,4,CATC
NM_066915.4,339,342,363,366,4,CATC
NM_066915.4,339,342,449,452,4,CATC
NM_066915.4,118,121,458,461,4,CCAC
NM_066915.4,118,121,461,464,4,CCAC
NM_066915.4,118,121,464,467,4,CCAC
NM_066915.4,118,121,392,395,4,CCAC
NM_066915.4,330,333,458,461,4,CCAC
NM_066915.4,414,417,458,461,4,CCAC
NM_066915.4,330,333,461,464,4,CCAC
NM_066915.4,414,417,461,464,4,CCAC
NM_066915.4,330,333,464,467,4,CCAC
NM_066915.4,414,417,464,467,4,CCAC
NM_066915.4,330,333,392,395,4,CCAC
NM_066915.4,392,395,414,417,4,CCAC
NM_066915.4,118,121,243,246,4,CCAC
NM_066915.4,243,246,330,333,4,CCAC
NM_066915.4,243,246,414,417,4,CCAC
NM_066915.4,16,19,362,365,4,CCAT
NM_066915.4,67,70,362,365,4,CCAT
NM_066915.4,16,19,448,451,4,CCAT
NM_066915.4,16,19,230,233,4,CCAT
NM_066915.4,230,233,448,451,4,CCAT
NM_066915.4,67,70,230,233,4,CCAT
NM_066915.4,149,156,440,447,8,CCCAGAAG
NM_066915.4,179,181,467,469,3,CCG
NM_066915.4,35,37,179,181,3,CCG
NM_066915.4,179,181,380,382,3,CCG
NM_066915.4,45,47,467,469,3,CCG
NM_066915.4,35,37,45,47,3,CCG
NM_066915.4,45,47,380,382,3,CCG
NM_066915.4,146,148,190,192,3,CCG
NM_066915.4,45,47,190,192,3,CCG
NM_066915.4,190,192,335,337,3,CCG
NM_066915.4,179,181,335,337,3,CCG
NM_066915.4,190,192,395,397,3,CCG
NM_066915.4,179,181,395,397,3,CCG
NM_066915.4,45,47,335,337,3,CCG
NM_066915.4,45,47,395,397,3,CCG
NM_066915.4,27,29,467,469,3,CCG
NM_066915.4,27,29,35,37,3,CCG
NM_066915.4,27,29,380,382,3,CCG
NM_066915.4,27,29,146,148,3,CCG
NM_066915.4,27,29,45,47,3,CCG
NM_066915.4,27,29,257,259,3,CCG
NM_066915.4,190,192,257,259,3,CCG
NM_066915.4,179,181,257,259,3,CCG
NM_066915.4,45,47,257,259,3,CCG
NM_066915.4,138,141,258,261,4,CGAG
NM_066915.4,246,249,258,261,4,CGAG
NM_066915.4,132,135,258,261,4,CGAG
NM_066915.4,54,57,258,261,4,CGAG
NM_066915.4,138,141,246,249,4,CGAG
NM_066915.4,132,135,138,141,4,CGAG
NM_066915.4,222,226,396,400,5,CGTTC
NM_066915.4,182,186,222,226,5,CGTTC
NM_066915.4,222,226,281,285,5,CGTTC
NM_066915.4,182,186,396,400,5,CGTTC
NM_066915.4,281,285,396,400,5,CGTTC
NM_066915.4,299,307,404,412,9,CTCTTCCAA
NM_066915.4,172,178,310,316,7,GACGTCG
NM_066915.4,235,238,247,250,4,GAGG
NM_066915.4,214,217,247,250,4,GAGG
NM_066915.4,133,136,235,238,4,GAGG
NM_066915.4,133,136,214,217,4,GAGG
NM_066915.4,55,58,235,238,4,GAGG
NM_066915.4,55,58,214,217,4,GAGG
NM_066915.4,278,280,367,369,3,GAT
NM_066915.4,63,65,278,280,3,GAT
NM_066915.4,93,99,126,132,7,GCTCAAC
NM_066915.4,370,376,383,389,7,GCTCCAA
NM_066915.4,217,223,427,433,7,GGACACG
NM_066915.4,25,27,382,384,3,GGC
NM_066915.4,25,27,75,77,3,GGC
NM_066915.4,83,86,250,253,4,GTCA
NM_066915.4,83,86,205,208,4,GTCA
NM_066915.4,83,86,163,166,4,GTCA
NM_066915.4,250,253,436,439,4,GTCA
NM_066915.4,205,208,436,439,4,GTCA
NM_066915.4,250,253,337,340,4,GTCA
NM_066915.4,205,208,337,340,4,GTCA
NM_066915.4,337,340,436,439,4,GTCA
NM_066915.4,163,166,337,340,4,GTCA
NM_066915.4,115,117,161,163,3,GTG
NM_066915.4,161,163,401,403,3,GTG
NM_066915.4,282,289,294,301,8,GTTCACTC
NM_066915.4,95,102,104,111,8,TCAACAAC
NM_066915.4,303,309,372,378,7,TCCAAAG
NM_066915.4,4,8,300,304,5,TCTTC
NM_066915.4,4,8,405,409,5,TCTTC
NM_066915.4,4,8,41,45,5,TCTTC
NM_066915.4,320,322,426,428,3,TGG
NM_066915.4,73,75,320,322,3,TGG
NM_066915.4,2,4,160,162,3,TGT
NM_066915.4,160,162,162,164,3,TGT
NM_066915.4,184,186,302,304,3,TTC
NM_066915.4,283,285,302,304,3,TTC
NM_066915.4,295,297,302,304,3,TTC
NM_066915.4,268,270,302,304,3,TTC
NM_066915.4,184,186,407,409,3,TTC
NM_066915.4,283,285,407,409,3,TTC
NM_066915.4,295,297,407,409,3,TTC
NM_066915.4,268,270,407,409,3,TTC
NM_066915.4,43,45,184,186,3,TTC
NM_066915.4,43,45,283,285,3,TTC
NM_066915.4,43,45,295,297,3,TTC
NM_066915.4,43,45,268,270,3,TTC
NM_066915.4,52,54,184,186,3,TTC
NM_066915.4,52,54,283,285,3,TTC
NM_066915.4,52,54,295,297,3,TTC
NM_066915.4,52,54,268,270,3,TTC
NM_066915.4,302,304,398,400,3,TTC
NM_066915.4,398,400,407,409,3,TTC
NM_066915.4,43,45,398,400,3,TTC
NM_066915.4,103,105,398,400,3,TTC
NM_066915.4,6,8,398,400,3,TTC
NM_066915.4,6,8,184,186,3,TTC
NM_066915.4,6,8,283,285,3,TTC
NM_066915.4,6,8,295,297,3,TTC
NM_066915.4,6,8,268,270,3,TTC
NM_066915.4,398,400,420,422,3,TTC
NM_066915.4,184,186,420,422,3,TTC
NM_066915.4,283,285,420,422,3,TTC
NM_066915.4,295,297,420,422,3,TTC
NM_066915.4,268,270,420,422,3,TTC
NM_066915.4,52,54,224,226,3,TTC
NM_066915.4,224,226,302,304,3,TTC
NM_066915.4,224,226,407,409,3,TTC
NM_066915.4,43,45,224,226,3,TTC
NM_066915.4,103,105,224,226,3,TTC
NM_066915.4,52,54,157,159,3,TTC
NM_066915.4,157,159,302,304,3,TTC
NM_066915.4,157,159,407,409,3,TTC
NM_066915.4,43,45,157,159,3,TTC
NM_066915.4,103,105,157,159,3,TTC
NM_066915.4,212,222,233,243,11,TTGAGGGACAC
NM_075619.6,447,450,461,464,4,AAAA
NM_075619.6,332,335,447,450,4,AAAA
NM_075619.6,68,71,447,450,4,AAAA
NM_075619.6,446,449,461,464,4,AAAA
NM_075619.6,332,335,446,449,4,AAAA
NM_075619.6,68,71,446,449,4,AAAA
NM_075619.6,446,449,448,451,4,AAAA
NM_075619.6,448,451,461,464,4,AAAA
NM_075619.6,332,335,448,451,4,AAAA
NM_075619.6,68,71,448,451,4,AAAA
NM_075619.6,131,134,447,450,4,AAAA
NM_075619.6,131,134,446,449,4,AAAA
NM_075619.6,415,421,489,495,7,AAAGAAG
NM_075619.6,308,312,371,375,5,AACAC
NM_075619.6,371,375,478,482,5,AACAC
NM_075619.6,308,312,478,482,5,AACAC
NM_075619.6,233,239,490,496,7,AAGAAGT
NM_075619.6,419,425,552,558,7,AAGCTCA
NM_075619.6,301,304,464,467,4,ACAA
NM_075619.6,464,467,563,566,4,ACAA
NM_075619.6,248,251,301,304,4,ACAA
NM_075619.6,248,251,563,566,4,ACAA
NM_075619.6,464,467,481,484,4,ACAA
NM_075619.6,248,251,481,484,4,ACAA
NM_075619.6,215,218,464,467,4,ACAA
NM_075619.6,215,218,301,304,4,ACAA
NM_075619.6,215,218,563,566,4,ACAA
NM_075619.6,464,467,503,506,4,ACAA
NM_075619.6,481,484,503,506,4,ACAA
NM_075619.6,301,304,503,506,4,ACAA
NM_075619.6,503,506,563,566,4,ACAA
NM_075619.6,572,574,578,580,3,ACC
NM_075619.6,276,278,572,574,3,ACC
NM_075619.6,386,388,572,574,3,ACC
NM_075619.6,359,361,572,574,3,ACC
NM_075619.6,276,278,578,580,3,ACC
NM_075619.6,386,388,578,580,3,ACC
NM_075619.6,197,203,352,358,7,AGAAACT
NM_075619.6,608,614,611,617,7,AGAAGAA
NM_075619.6,164,170,392,398,7,AGCATAT
NM_075619.6,389,393,585,589,5,AGGAG
NM_075619.6,209,213,585,589,5,AGGAG
NM_075619.6,323,327,585,589,5,AGGAG
NM_075619.6,209,213,389,393,5,AGGAG
NM_075619.6,323,327,389,393,5,AGGAG
NM_075619.6,115,119,143,147,5,ATCTC
NM_075619.6,115,119,169,173,5,ATCTC
NM_075619.6,110,114,169,173,5,ATCTC
NM_075619.6,1,3,469,471,3,ATG
NM_075619.6,1,3,604,606,3,ATG
NM_075619.6,1,3,285,287,3,ATG
NM_075619.6,469,471,518,520,3,ATG
NM_075619.6,518,520,604,606,3,ATG
NM_075619.6,285,287,518,520,3,ATG
NM_075619.6,1,3,315,317,3,ATG
NM_075619.6,315,317,500,502,3,ATG
NM_075619.6,1,3,617,619,3,ATG
NM_075619.6,469,471,617,619,3,ATG
NM_075619.6,604,606,617,619,3,ATG
NM_075619.6,285,287,617,619,3,ATG
NM_075619.6,500,502,617,619,3,ATG
NM_075619.6,315,317,617,619,3,ATG
NM_075619.6,518,520,617,619,3,ATG
NM_075619.6,1,3,53,55,3,ATG
NM_075619.6,53,55,469,471,3,ATG
NM_075619.6,53,55,604,606,3,ATG
NM_075619.6,53,55,285,287,3,ATG
NM_075619.6,53,55,500,502,3,ATG
NM_075619.6,53,55,315,317,3,ATG
NM_075619.6,53,55,518,520,3,ATG
NM_075619.6,1,3,397,399,3,ATG
NM_075619.6,1,3,524,526,3,ATG
NM_075619.6,397,399,617,619,3,ATG
NM_075619.6,524,526,617,619,3,ATG
NM_075619.6,397,399,469,471,3,ATG
NM_075619.6,397,399,604,606,3,ATG
NM_075619.6,285,287,397,399,3,ATG
NM_075619.6,397,399,500,502,3,ATG
NM_075619.6,469,471,524,526,3,ATG
NM_075619.6,524,526,604,606,3,ATG
NM_075619.6,285,287,524,526,3,ATG
NM_075619.6,500,502,524,526,3,ATG
NM_075619.6,315,317,397,399,3,ATG
NM_075619.6,397,399,518,520,3,ATG
NM_075619.6,315,317,524,526,3,ATG
NM_075619.6,518,520,524,526,3,ATG
NM_075619.6,223,227,232,236,5,CAAGA
NM_075619.6,223,227,424,428,5,CAAGA
NM_075619.6,232,236,424,428,5,CAAGA
NM_075619.6,361,365,504,508,5,CAAGC
NM_075619.6,162,166,504,508,5,CAAGC
NM_075619.6,361,365,537,541,5,CAAGC
NM_075619.6,162,166,537,541,5,CAAGC
NM_075619.6,504,508,551,555,5,CAAGC
NM_075619.6,537,541,551,555,5,CAAGC
NM_075619.6,162,166,551,555,5,CAAGC
NM_075619.6,300,306,562,568,7,CACAAAG
NM_075619.6,92,94,263,265,3,CAT
NM_075619.6,92,94,166,168,3,CAT
NM_075619.6,92,94,394,396,3,CAT
NM_075619.6,114,116,263,265,3,CAT
NM_075619.6,114,116,166,168,3,CAT
NM_075619.6,114,116,394,396,3,CAT
NM_075619.6,92,94,468,470,3,CAT
NM_075619.6,378,380,468,470,3,CAT
NM_075619.6,263,265,468,470,3,CAT
NM_075619.6,166,168,468,470,3,CAT
NM_075619.6,394,396,468,470,3,CAT
NM_075619.6,114,116,468,470,3,CAT
NM_075619.6,378,380,499,501,3,CAT
NM_075619.6,263,265,499,501,3,CAT
NM_075619.6,166,168,499,501,3,CAT
NM_075619.6,394,396,499,501,3,CAT
NM_075619.6,378,380,603,605,3,CAT
NM_075619.6,263,265,603,605,3,CAT
NM_075619.6,166,168,603,605,3,CAT
NM_075619.6,394,396,603,605,3,CAT
NM_075619.6,284,286,378,380,3,CAT
NM_075619.6,263,265,284,286,3,CAT
NM_075619.6,166,168,284,286,3,CAT
NM_075619.6,284,286,394,396,3,CAT
NM_075619.6,114,116,499,501,3,CAT
NM_075619.6,114,116,603,605,3,CAT
NM_075619.6,114,116,284,286,3,CAT
NM_075619.6,499,501,625,627,3,CAT
NM_075619.6,603,605,625,627,3,CAT
NM_075619.6,284,286,625,627,3,CAT
NM_075619.6,92,94,625,627,3,CAT
NM_075619.6,378,380,625,627,3,CAT
NM_075619.6,263,265,625,627,3,CAT
NM_075619.6,166,168,625,627,3,CAT
NM_075619.6,394,396,625,627,3,CAT
NM_075619.6,114,116,625,627,3,CAT
NM_075619.6,468,470,593,595,3,CAT
NM_075619.6,378,380,593,595,3,CAT
NM_075619.6,263,265,593,595,3,CAT
NM_075619.6,166,168,593,595,3,CAT
NM_075619.6,394,396,593,595,3,CAT
NM_075619.6,114,116,593,595,3,CAT
NM_075619.6,105,107,468,470,3,CAT
NM_075619.6,105,107,499,501,3,CAT
NM_075619.6,105,107,603,605,3,CAT
NM_075619.6,105,107,284,286,3,CAT
NM_075619.6,92,94,105,107,3,CAT
NM_075619.6,105,107,378,380,3,CAT
NM_075619.6,105,107,263,265,3,CAT
NM_075619.6,105,107,166,168,3,CAT
NM_075619.6,105,107,394,396,3,CAT
NM_075619.6,274,276,277,279,3,CCA
NM_075619.6,274,276,360,362,3,CCA
NM_075619.6,274,276,550,552,3,CCA
NM_075619.6,274,276,444,446,3,CCA
NM_075619.6,222,224,274,276,3,CCA
NM_075619.6,277,279,529,531,3,CCA
NM_075619.6,360,362,529,531,3,CCA
NM_075619.6,529,531,550,552,3,CCA
NM_075619.6,387,389,550,552,3,CCA
NM_075619.6,274,276,387,389,3,CCA
NM_075619.6,387,389,529,531,3,CCA
NM_075619.6,387,389,444,446,3,CCA
NM_075619.6,222,224,387,389,3,CCA
NM_075619.6,277,279,289,291,3,CCA
NM_075619.6,289,291,360,362,3,CCA
NM_075619.6,274,276,289,291,3,CCA
NM_075619.6,289,291,529,531,3,CCA
NM_075619.6,289,291,444,446,3,CCA
NM_075619.6,222,224,289,291,3,CCA
NM_075619.6,387,389,592,594,3,CCA
NM_075619.6,277,279,592,594,3,CCA
NM_075619.6,360,362,592,594,3,CCA
NM_075619.6,289,291,592,594,3,CCA
NM_075619.6,550,552,592,594,3,CCA
NM_075619.6,529,531,592,594,3,CCA
NM_075619.6,444,446,592,594,3,CCA
NM_075619.6,222,224,592,594,3,CCA
NM_075619.6,91,93,387,389,3,CCA
NM_075619.6,91,93,277,279,3,CCA
NM_075619.6,91,93,360,362,3,CCA
NM_075619.6,387,389,498,500,3,CCA
NM_075619.6,277,279,498,500,3,CCA
NM_075619.6,360,362,498,500,3,CCA
NM_075619.6,387,389,602,604,3,CCA
NM_075619.6,277,279,602,604,3,CCA
NM_075619.6,360,362,602,604,3,CCA
NM_075619.6,283,285,387,389,3,CCA
NM_075619.6,277,279,283,285,3,CCA
NM_075619.6,283,285,360,362,3,CCA
NM_075619.6,91,93,289,291,3,CCA
NM_075619.6,91,93,550,552,3,CCA
NM_075619.6,289,291,498,500,3,CCA
NM_075619.6,498,500,550,552,3,CCA
NM_075619.6,289,291,602,604,3,CCA
NM_075619.6,550,552,602,604,3,CCA
NM_075619.6,283,285,289,291,3,CCA
NM_075619.6,283,285,550,552,3,CCA
NM_075619.6,91,93,274,276,3,CCA
NM_075619.6,274,276,498,500,3,CCA
NM_075619.6,274,276,602,604,3,CCA
NM_075619.6,274,276,283,285,3,CCA
NM_075619.6,441,443,579,581,3,CCT
NM_075619.6,149,151,579,581,3,CCT
NM_075619.6,441,443,453,455,3,CCT
NM_075619.6,508,510,516,518,3,CGA
NM_075619.6,384,386,516,518,3,CGA
NM_075619.6,270,272,516,518,3,CGA
NM_075619.6,186,188,516,518,3,CGA
NM_075619.6,411,413,508,510,3,CGA
NM_075619.6,384,386,411,413,3,CGA
NM_075619.6,261,263,474,476,3,CGC
NM_075619.6,72,74,261,263,3,CGC
NM_075619.6,474,476,486,488,3,CGC
NM_075619.6,474,476,535,537,3,CGC
NM_075619.6,72,74,486,488,3,CGC
NM_075619.6,72,74,535,537,3,CGC
NM_075619.6,6,8,312,314,3,CGG
NM_075619.6,6,8,96,98,3,CGG
NM_075619.6,6,8,140,142,3,CGG
NM_075619.6,331,337,460,466,7,GAAAACA
NM_075619.6,457,462,609,614,6,GAAGAA
NM_075619.6,457,462,612,617,6,GAAGAA
NM_075619.6,418,424,509,515,7,GAAGCTC
NM_075619.6,214,218,247,251,5,GACAA
NM_075619.6,247,251,502,506,5,GACAA
NM_075619.6,214,218,502,506,5,GACAA
NM_075619.6,226,229,412,415,4,GAGA
NM_075619.6,191,194,226,229,4,GAGA
NM_075619.6,412,415,587,590,4,GAGA
NM_075619.6,98,101,226,229,4,GAGA
NM_075619.6,98,101,412,415,4,GAGA
NM_075619.6,226,229,597,600,4,GAGA
NM_075619.6,412,415,597,600,4,GAGA
NM_075619.6,587,590,597,600,4,GAGA
NM_075619.6,191,194,597,600,4,GAGA
NM_075619.6,77,80,226,229,4,GAGA
NM_075619.6,77,80,412,415,4,GAGA
NM_075619.6,77,80,597,600,4,GAGA
NM_075619.6,487,489,559,561,3,GCA
NM_075619.6,536,538,559,561,3,GCA
NM_075619.6,559,561,620,622,3,GCA
NM_075619.6,231,233,559,561,3,GCA
NM_075619.6,471,473,487,489,3,GCA
NM_075619.6,471,473,536,538,3,GCA
NM_075619.6,471,473,620,622,3,GCA
NM_075619.6,231,233,471,473,3,GCA
NM_075619.6,364,366,487,489,3,GCA
NM_075619.6,364,366,536,538,3,GCA
NM_075619.6,364,366,620,622,3,GCA
NM_075619.6,231,233,364,366,3,GCA
NM_075619.6,364,366,471,473,3,GCA
NM_075619.6,559,561,606,608,3,GCA
NM_075619.6,340,342,559,561,3,GCA
NM_075619.6,43,45,559,561,3,GCA
NM_075619.6,487,489,606,608,3,GCA
NM_075619.6,536,538,606,608,3,GCA
NM_075619.6,340,342,487,489,3,GCA
NM_075619.6,340,342,536,538,3,GCA
NM_075619.6,43,45,487,489,3,GCA
NM_075619.6,43,45,536,538,3,GCA
NM_075619.6,606,608,620,622,3,GCA
NM_075619.6,231,233,606,608,3,GCA
NM_075619.6,340,342,620,622,3,GCA
NM_075619.6,231,233,340,342,3,GCA
NM_075619.6,43,45,620,622,3,GCA
NM_075619.6,43,45,231,233,3,GCA
NM_075619.6,165,167,487,489,3,GCA
NM_075619.6,165,167,536,538,3,GCA
NM_075619.6,393,395,487,489,3,GCA
NM_075619.6,393,395,536,538,3,GCA
NM_075619.6,165,167,620,622,3,GCA
NM_075619.6,165,167,231,233,3,GCA
NM_075619.6,393,395,620,622,3,GCA
NM_075619.6,231,233,393,395,3,GCA
NM_075619.6,165,167,606,608,3,GCA
NM_075619.6,165,167,340,342,3,GCA
NM_075619.6,43,45,165,167,3,GCA
NM_075619.6,165,167,471,473,3,GCA
NM_075619.6,393,395,606,608,3,GCA
NM_075619.6,340,342,393,395,3,GCA
NM_075619.6,43,45,393,395,3,GCA
NM_075619.6,393,395,471,473,3,GCA
NM_075619.6,262,264,364,366,3,GCA
NM_075619.6,262,264,559,561,3,GCA
NM_075619.6,262,264,620,622,3,GCA
NM_075619.6,231,233,262,264,3,GCA
NM_075619.6,262,264,606,608,3,GCA
NM_075619.6,262,264,340,342,3,GCA
NM_075619.6,43,45,262,264,3,GCA
NM_075619.6,262,264,471,473,3,GCA
NM_075619.6,364,366,377,379,3,GCA
NM_075619.6,377,379,559,561,3,GCA
NM_075619.6,377,379,487,489,3,GCA
NM_075619.6,377,379,536,538,3,GCA
NM_075619.6,377,379,620,622,3,GCA
NM_075619.6,231,233,377,379,3,GCA
NM_075619.6,273,275,409,411,3,GCC
NM_075619.6,409,411,591,593,3,GCC
NM_075619.6,10,12,273,275,3,GCC
NM_075619.6,10,12,591,593,3,GCC
NM_075619.6,273,275,287,289,3,GCC
NM_075619.6,287,289,591,593,3,GCC
NM_075619.6,185,187,540,542,3,GCG
NM_075619.6,383,385,540,542,3,GCG
NM_075619.6,269,271,540,542,3,GCG
NM_075619.6,97,101,586,590,5,GGAGA
NM_075619.6,190,194,586,590,5,GGAGA
NM_075619.6,76,80,586,590,5,GGAGA
NM_075619.6,97,101,190,194,5,GGAGA
NM_075619.6,76,80,97,101,5,GGAGA
NM_075619.6,76,80,190,194,5,GGAGA
NM_075619.6,184,186,230,232,3,GGC
NM_075619.6,189,191,295,297,3,GGG
NM_075619.6,7,9,296,298,3,GGT
NM_075619.6,175,177,296,298,3,GGT
NM_075619.6,7,9,21,23,3,GGT
NM_075619.6,495,498,542,545,4,GTTC
NM_075619.6,297,300,495,498,4,GTTC
NM_075619.6,399,402,495,498,4,GTTC
NM_075619.6,526,529,542,545,4,GTTC
NM_075619.6,297,300,526,529,4,GTTC
NM_075619.6,253,256,495,498,4,GTTC
NM_075619.6,253,256,297,300,4,GTTC
NM_075619.6,253,256,526,529,4,GTTC
NM_075619.6,253,256,399,402,4,GTTC
NM_075619.6,85,88,495,498,4,GTTC
NM_075619.6,85,88,542,545,4,GTTC
NM_075619.6,85,88,297,300,4,GTTC
NM_075619.6,22,28,345,351,7,GTTTTCT
NM_075619.6,396,402,523,529,7,TATGTTC
NM_075619.6,369,373,569,573,5,TCAAC
NM_075619.6,369,373,401,405,5,TCAAC
NM_075619.6,401,405,569,573,5,TCAAC
NM_075619.6,161,165,423,427,5,TCAAG
NM_075619.6,423,427,582,586,5,TCAAG
NM_075619.6,161,165,582,586,5,TCAAG
NM_075619.6,497,502,601,606,6,TCCATG
NM_075619.6,282,287,497,502,6,TCCATG
NM_075619.6,5,7,534,536,3,TCG
NM_075619.6,35,37,485,487,3,TCG
NM_075619.6,5,7,628,630,3,TCG
NM_075619.6,485,487,628,630,3,TCG
NM_075619.6,35,37,628,630,3,TCG
NM_075619.6,534,536,628,630,3,TCG
NM_075619.6,87,92,135,140,6,TCTTCC
NM_075619.6,135,140,255,260,6,TCTTCC
NM_075619.6,129,131,501,503,3,TGA
NM_075619.6,239,241,501,503,3,TGA
NM_075619.6,330,332,501,503,3,TGA
NM_075619.6,456,458,501,503,3,TGA
NM_075619.6,123,125,129,131,3,TGA
NM_075619.6,123,125,330,332,3,TGA
NM_075619.6,123,125,456,458,3,TGA
NM_075619.6,129,131,519,521,3,TGA
NM_075619.6,123,125,519,521,3,TGA
NM_075619.6,239,241,519,521,3,TGA
NM_075619.6,330,332,519,521,3,TGA
NM_075619.6,456,458,519,521,3,TGA
NM_075619.6,435,437,501,503,3,TGA
NM_075619.6,129,131,435,437,3,TGA
NM_075619.6,330,332,435,437,3,TGA
NM_075619.6,435,437,456,458,3,TGA
NM_075619.6,501,503,596,598,3,TGA
NM_075619.6,207,209,501,503,3,TGA
NM_075619.6,129,131,596,598,3,TGA
NM_075619.6,129,131,207,209,3,TGA
NM_075619.6,123,125,596,598,3,TGA
NM_075619.6,239,241,596,598,3,TGA
NM_075619.6,123,125,207,209,3,TGA
NM_075619.6,207,209,239,241,3,TGA
NM_075619.6,2,4,129,131,3,TGA
NM_075619.6,2,4,435,437,3,TGA
NM_075619.6,2,4,123,125,3,TGA
NM_075619.6,2,4,239,241,3,TGA
NM_075619.6,2,4,596,598,3,TGA
NM_075619.6,2,4,207,209,3,TGA
NM_075619.6,2,4,330,332,3,TGA
NM_075619.6,2,4,456,458,3,TGA
NM_075619.6,108,110,519,521,3,TGA
NM_075619.6,108,110,501,503,3,TGA
NM_075619.6,108,110,129,131,3,TGA
NM_075619.6,108,110,435,437,3,TGA
NM_075619.6,108,110,123,125,3,TGA
NM_075619.6,108,110,239,241,3,TGA
NM_075619.6,75,79,177,181,5,TGGAG
NM_075619.6,75,79,320,324,5,TGGAG
NM_075619.6,75,79,156,160,5,TGGAG
NM_075619.6,177,181,320,324,5,TGGAG
NM_075619.6,156,160,177,181,5,TGGAG
NM_075619.6,33,35,398,400,3,TGT
NM_075619.6,33,35,525,527,3,TGT
NM_075619.6,398,400,406,408,3,TGT
NM_075619.6,406,408,525,527,3,TGT
NM_075619.6,33,35,84,86,3,TGT
NM_075619.6,84,86,406,408,3,TGT
NM_075619.6,29,31,58,60,3,TTA
NM_075619.6,25,29,86,90,5,TTCTT
NM_075619.6,25,29,254,258,5,TTCTT
NM_075619.6,15,19,86,90,5,TTCTT
NM_075619.6,15,19,254,258,5,TTCTT
NM_075619.6,86,90,203,207,5,TTCTT
NM_075619.6,203,207,254,258,5,TTCTT
NM_075619.6,25,29,203,207,5,TTCTT
NM_075619.6,15,19,203,207,5,TTCTT
NM_075619.6,14,20,24,30,7,TTTCTTT
NM_062602.2,67,71,430,434,5,AAAAA
NM_062602.2,67,71,335,339,5,AAAAA
NM_062602.2,335,339,430,434,5,AAAAA
NM_062602.2,65,69,67,71,5,AAAAA
NM_062602.2,66,70,430,434,5,AAAAA
NM_062602.2,66,70,335,339,5,AAAAA
NM_062602.2,65,69,335,339,5,AAAAA
NM_062602.2,180,184,538,542,5,AAAAC
NM_062602.2,431,435,538,542,5,AAAAC
NM_062602.2,131,135,538,542,5,AAAAC
NM_062602.2,180,184,431,435,5,AAAAC
NM_062602.2,68,72,216,220,5,AAAAG
NM_062602.2,68,72,107,111,5,AAAAG
NM_062602.2,107,111,175,179,5,AAAAG
NM_062602.2,263,267,472,476,5,AAACA
NM_062602.2,61,65,263,267,5,AAACA
NM_062602.2,176,182,252,258,7,AAAGAAA
NM_062602.2,176,182,456,462,7,AAAGAAA
NM_062602.2,457,465,529,537,9,AAGAAATTC
NM_062602.2,173,176,474,477,4,ACAA
NM_062602.2,173,176,441,444,4,ACAA
NM_062602.2,189,192,474,477,4,ACAA
NM_062602.2,189,192,441,444,4,ACAA
NM_062602.2,63,66,189,192,4,ACAA
NM_062602.2,368,371,474,477,4,ACAA
NM_062602.2,368,371,441,444,4,ACAA
NM_062602.2,63,66,368,371,4,ACAA
NM_062602.2,173,176,368,371,4,ACAA
NM_062602.2,331,335,434,438,5,ACGGA
NM_062602.2,434,438,518,522,5,ACGGA
NM_062602.2,331,335,518,522,5,ACGGA
NM_062602.2,48,50,147,149,3,ACT
NM_062602.2,48,50,363,365,3,ACT
NM_062602.2,48,50,541,543,3,ACT
NM_062602.2,71,75,161,165,5,AGAAG
NM_062602.2,71,75,150,154,5,AGAAG
NM_062602.2,153,157,161,165,5,AGAAG
NM_062602.2,150,154,161,165,5,AGAAG
NM_062602.2,101,105,110,114,5,AGCTG
NM_062602.2,33,37,110,114,5,AGCTG
NM_062602.2,33,37,101,105,5,AGCTG
NM_062602.2,140,144,504,508,5,AGGAC
NM_062602.2,10,14,504,508,5,AGGAC
NM_062602.2,1,6,116,121,6,ATGAAG
NM_062602.2,1,6,208,213,6,ATGAAG
NM_062602.2,64,68,215,219,5,CAAAA
NM_062602.2,215,219,429,433,5,CAAAA
NM_062602.2,174,178,537,541,5,CAAAA
NM_062602.2,64,68,537,541,5,CAAAA
NM_062602.2,215,219,537,541,5,CAAAA
NM_062602.2,251,258,455,462,8,CAAAGAAA
NM_062602.2,261,263,304,306,3,CCA
NM_062602.2,221,223,304,306,3,CCA
NM_062602.2,53,55,304,306,3,CCA
NM_062602.2,83,85,261,263,3,CCA
NM_062602.2,83,85,221,223,3,CCA
NM_062602.2,53,55,83,85,3,CCA
NM_062602.2,304,306,416,418,3,CCA
NM_062602.2,83,85,416,418,3,CCA
NM_062602.2,295,297,304,306,3,CCA
NM_062602.2,166,168,295,297,3,CCA
NM_062602.2,261,263,295,297,3,CCA
NM_062602.2,221,223,295,297,3,CCA
NM_062602.2,53,55,295,297,3,CCA
NM_062602.2,187,189,304,306,3,CCA
NM_062602.2,187,189,295,297,3,CCA
NM_062602.2,83,85,187,189,3,CCA
NM_062602.2,184,186,229,231,3,CCG
NM_062602.2,184,186,325,327,3,CCG
NM_062602.2,184,186,488,490,3,CCG
NM_062602.2,229,231,488,490,3,CCG
NM_062602.2,325,327,488,490,3,CCG
NM_062602.2,465,467,523,525,3,CCT
NM_062602.2,489,493,527,531,5,CGAAG
NM_062602.2,450,454,489,493,5,CGAAG
NM_062602.2,489,493,501,505,5,CGAAG
NM_062602.2,450,454,527,531,5,CGAAG
NM_062602.2,501,505,527,531,5,CGAAG
NM_062602.2,185,187,344,346,3,CGC
NM_062602.2,185,187,299,301,3,CGC
NM_062602.2,322,324,344,346,3,CGC
NM_062602.2,310,312,344,346,3,CGC
NM_062602.2,185,187,310,312,3,CGC
NM_062602.2,230,234,435,439,5,CGGAG
NM_062602.2,98,102,435,439,5,CGGAG
NM_062602.2,282,286,435,439,5,CGGAG
NM_062602.2,98,102,230,234,5,CGGAG
NM_062602.2,230,234,282,286,5,CGGAG
NM_062602.2,98,102,282,286,5,CGGAG
NM_062602.2,148,150,556,558,3,CTA
NM_062602.2,148,150,366,368,3,CTA
NM_062602.2,79,81,148,150,3,CTA
NM_062602.2,366,368,556,558,3,CTA
NM_062602.2,79,81,556,558,3,CTA
NM_062602.2,38,40,364,366,3,CTC
NM_062602.2,359,361,364,366,3,CTC
NM_062602.2,274,276,359,361,3,CTC
NM_062602.2,312,314,364,366,3,CTC
NM_062602.2,312,314,359,361,3,CTC
NM_062602.2,524,526,542,544,3,CTG
NM_062602.2,35,37,542,544,3,CTG
NM_062602.2,385,387,542,544,3,CTG
NM_062602.2,103,105,524,526,3,CTG
NM_062602.2,103,105,385,387,3,CTG
NM_062602.2,199,201,524,526,3,CTG
NM_062602.2,35,37,199,201,3,CTG
NM_062602.2,28,30,542,544,3,CTG
NM_062602.2,28,30,103,105,3,CTG
NM_062602.2,28,30,35,37,3,CTG
NM_062602.2,28,30,199,201,3,CTG
NM_062602.2,28,30,385,387,3,CTG
NM_062602.2,112,114,542,544,3,CTG
NM_062602.2,112,114,524,526,3,CTG
NM_062602.2,112,114,199,201,3,CTG
NM_062602.2,112,114,385,387,3,CTG
NM_062602.2,179,183,334,338,5,GAAAA
NM_062602.2,106,110,179,183,5,GAAAA
NM_062602.2,202,206,549,553,5,GAAAG
NM_062602.2,202,206,255,259,5,GAAAG
NM_062602.2,118,122,154,158,5,GAAGA
NM_062602.2,154,158,528,532,5,GAAGA
NM_062602.2,118,122,151,155,5,GAAGA
NM_062602.2,118,122,528,532,5,GAAGA
NM_062602.2,72,76,210,214,5,GAAGG
NM_062602.2,210,214,502,506,5,GAAGG
NM_062602.2,136,140,142,146,5,GACGA
NM_062602.2,136,140,403,407,5,GACGA
NM_062602.2,136,140,495,499,5,GACGA
NM_062602.2,142,146,403,407,5,GACGA
NM_062602.2,142,146,495,499,5,GACGA
NM_062602.2,100,104,553,557,5,GAGCT
NM_062602.2,100,104,510,514,5,GAGCT
NM_062602.2,127,131,139,143,5,GAGGA
NM_062602.2,139,143,232,236,5,GAGGA
NM_062602.2,76,79,307,310,4,GATC
NM_062602.2,307,310,382,385,4,GATC
NM_062602.2,196,199,307,310,4,GATC
NM_062602.2,235,238,307,310,4,GATC
NM_062602.2,76,79,498,501,4,GATC
NM_062602.2,382,385,498,501,4,GATC
NM_062602.2,196,199,498,501,4,GATC
NM_062602.2,235,238,498,501,4,GATC
NM_062602.2,292,295,307,310,4,GATC
NM_062602.2,292,295,498,501,4,GATC
NM_062602.2,76,79,292,295,4,GATC
NM_062602.2,292,295,382,385,4,GATC
NM_062602.2,196,199,292,295,4,GATC
NM_062602.2,235,238,292,295,4,GATC
NM_062602.2,345,349,454,458,5,GCAAA
NM_062602.2,214,218,454,458,5,GCAAA
NM_062602.2,214,218,345,349,5,GCAAA
NM_062602.2,52,56,220,224,5,GCCAA
NM_062602.2,52,56,260,264,5,GCCAA
NM_062602.2,129,134,333,338,6,GGAAAA
NM_062602.2,105,110,129,134,6,GGAAAA
NM_062602.2,105,110,333,338,6,GGAAAA
NM_062602.2,141,145,341,345,5,GGACG
NM_062602.2,11,15,341,345,5,GGACG
NM_062602.2,126,131,231,236,6,GGAGGA
NM_062602.2,8,13,231,236,6,GGAGGA
NM_062602.2,8,13,126,131,6,GGAGGA
NM_062602.2,75,80,381,386,6,GGATCT
NM_062602.2,75,80,195,200,6,GGATCT
NM_062602.2,234,239,381,386,6,GGATCT
NM_062602.2,195,200,234,239,6,GGATCT
NM_062602.2,213,217,544,548,5,GGCAA
NM_062602.2,213,217,353,357,5,GGCAA
NM_062602.2,125,127,413,415,3,GGG
NM_062602.2,114,121,206,213,8,GTATGAAG
NM_062602.2,249,251,280,282,3,GTC
NM_062602.2,149,151,411,413,3,TAG
NM_062602.2,32,34,411,413,3,TAG
NM_062602.2,32,34,149,151,3,TAG
NM_062602.2,115,119,243,247,5,TATGA
NM_062602.2,207,211,243,247,5,TATGA
NM_062602.2,250,254,428,432,5,TCAAA
NM_062602.2,250,254,536,540,5,TCAAA
NM_062602.2,44,48,313,317,5,TCGGA
NM_062602.2,44,48,281,285,5,TCGGA
NM_062602.2,281,285,313,317,5,TCGGA
NM_062602.2,275,279,419,423,5,TCTTC
NM_062602.2,237,241,275,279,5,TCTTC
NM_062602.2,194,201,380,387,8,TGGATCTG
NM_062602.2,59,61,242,244,3,TTA
NM_062602.2,87,89,242,244,3,TTA
NM_062602.2,31,33,242,244,3,TTA
NM_062602.2,421,423,463,465,3,TTC
NM_062602.2,427,429,463,465,3,TTC
NM_062602.2,328,330,463,465,3,TTC
NM_062602.2,486,488,535,537,3,TTC
NM_062602.2,19,21,486,488,3,TTC
NM_062602.2,25,27,535,537,3,TTC
NM_062602.2,19,21,25,27,3,TTC
NM_062602.2,421,423,486,488,3,TTC
NM_062602.2,25,27,421,423,3,TTC
NM_062602.2,427,429,486,488,3,TTC
NM_062602.2,328,330,486,488,3,TTC
NM_062602.2,25,27,427,429,3,TTC
NM_062602.2,25,27,328,330,3,TTC
NM_062602.2,421,423,448,450,3,TTC
NM_062602.2,320,322,421,423,3,TTC
NM_062602.2,421,423,481,483,3,TTC
NM_062602.2,427,429,448,450,3,TTC
NM_062602.2,328,330,448,450,3,TTC
NM_062602.2,320,322,427,429,3,TTC
NM_062602.2,320,322,328,330,3,TTC
NM_062602.2,427,429,481,483,3,TTC
NM_062602.2,328,330,481,483,3,TTC
NM_062602.2,448,450,486,488,3,TTC
NM_062602.2,25,27,448,450,3,TTC
NM_062602.2,320,322,486,488,3,TTC
NM_062602.2,25,27,320,322,3,TTC
NM_062602.2,481,483,486,488,3,TTC
NM_062602.2,25,27,481,483,3,TTC
NM_062602.2,277,279,463,465,3,TTC
NM_062602.2,277,279,535,537,3,TTC
NM_062602.2,19,21,277,279,3,TTC
NM_062602.2,277,279,427,429,3,TTC
NM_062602.2,277,279,328,330,3,TTC
NM_062602.2,277,279,486,488,3,TTC
NM_062602.2,25,27,277,279,3,TTC
NM_062602.2,239,241,448,450,3,TTC
NM_062602.2,239,241,320,322,3,TTC
NM_062602.2,239,241,481,483,3,TTC
NM_062602.2,239,241,463,465,3,TTC
NM_062602.2,239,241,535,537,3,TTC
NM_062602.2,19,21,239,241,3,TTC
NM_062602.2,239,241,427,429,3,TTC
NM_062602.2,239,241,328,330,3,TTC
NM_062602.2,239,241,486,488,3,TTC
NM_062602.2,25,27,239,241,3,TTC
NM_001178175.1,246,249,271,274,4,AAAA
NM_001178175.1,270,273,271,274,4,AAAA
NM_001178175.1,246,249,270,273,4,AAAA
NM_001178175.1,187,192,247,252,6,AAAGCC
NM_001178175.1,104,107,272,275,4,AAAT
NM_001178175.1,141,144,272,275,4,AAAT
NM_001178175.1,104,107,141,144,4,AAAT
NM_001178175.1,156,161,223,228,6,AAGAGG
NM_001178175.1,165,169,182,186,5,AAGAT
NM_001178175.1,165,169,277,281,5,AAGAT
NM_001178175.1,93,95,341,343,3,ACT
NM_001178175.1,85,87,93,95,3,ACT
NM_001178175.1,13,15,93,95,3,ACT
NM_001178175.1,85,87,341,343,3,ACT
NM_001178175.1,13,15,341,343,3,ACT
NM_001178175.1,13,15,85,87,3,ACT
NM_001178175.1,51,54,62,65,4,AGAA
NM_001178175.1,51,54,244,247,4,AGAA
NM_001178175.1,51,54,153,156,4,AGAA
NM_001178175.1,132,137,183,188,6,AGATAA
NM_001178175.1,71,74,77,80,4,AGTC
NM_001178175.1,77,80,346,349,4,AGTC
NM_001178175.1,71,74,346,349,4,AGTC
NM_001178175.1,143,148,185,190,6,ATAAAG
NM_001178175.1,298,302,301,305,5,ATCAT
NM_001178175.1,301,305,319,323,5,ATCAT
NM_001178175.1,110,113,127,130,4,ATGA
NM_001178175.1,47,50,127,130,4,ATGA
NM_001178175.1,110,113,274,277,4,ATGA
NM_001178175.1,306,311,331,336,6,ATTGCT
NM_001178175.1,80,85,261,266,6,CAAGGA
NM_001178175.1,152,157,243,248,6,CAGAAA
NM_001178175.1,138,140,300,302,3,CAT
NM_001178175.1,138,140,321,323,3,CAT
NM_001178175.1,8,10,138,140,3,CAT
NM_001178175.1,138,140,177,179,3,CAT
NM_001178175.1,138,140,330,332,3,CAT
NM_001178175.1,177,179,300,302,3,CAT
NM_001178175.1,177,179,321,323,3,CAT
NM_001178175.1,8,10,177,179,3,CAT
NM_001178175.1,177,179,303,305,3,CAT
NM_001178175.1,300,302,330,332,3,CAT
NM_001178175.1,321,323,330,332,3,CAT
NM_001178175.1,8,10,330,332,3,CAT
NM_001178175.1,303,305,330,332,3,CAT
NM_001178175.1,138,140,252,254,3,CAT
NM_001178175.1,252,254,300,302,3,CAT
NM_001178175.1,252,254,321,323,3,CAT
NM_001178175.1,8,10,252,254,3,CAT
NM_001178175.1,252,254,303,305,3,CAT
NM_001178175.1,176,181,329,334,6,CCATTG
NM_001178175.1,18,21,342,345,4,CTTT
NM_001178175.1,18,21,219,222,4,CTTT
NM_001178175.1,18,21,290,293,4,CTTT
NM_001178175.1,154,159,163,168,6,GAAAGA
NM_001178175.1,129,131,225,227,3,GAG
NM_001178175.1,129,131,158,160,3,GAG
NM_001178175.1,40,42,225,227,3,GAG
NM_001178175.1,40,42,158,160,3,GAG
NM_001178175.1,40,42,131,133,3,GAG
NM_001178175.1,40,42,129,131,3,GAG
NM_001178175.1,133,138,193,198,6,GATAAC
NM_001178175.1,295,303,316,324,9,GTAATCATC
NM_001178175.1,6,9,78,81,4,GTCA
NM_001178175.1,78,81,241,244,4,GTCA
NM_001178175.1,6,9,241,244,4,GTCA
NM_001178175.1,72,75,205,208,4,GTCT
NM_001178175.1,72,75,284,287,4,GTCT
NM_001178175.1,205,208,284,287,4,GTCT
NM_001178175.1,140,143,269,272,4,TAAA
NM_001178175.1,186,189,269,272,4,TAAA
NM_001178175.1,144,147,269,272,4,TAAA
NM_001178175.1,95,100,259,264,6,TACAAG
NM_001178175.1,208,210,302,304,3,TCA
NM_001178175.1,208,210,299,301,3,TCA
NM_001178175.1,208,210,320,322,3,TCA
NM_001178175.1,242,244,302,304,3,TCA
NM_001178175.1,242,244,299,301,3,TCA
NM_001178175.1,242,244,320,322,3,TCA
NM_001178175.1,7,9,208,210,3,TCA
NM_001178175.1,79,81,339,341,3,TCA
NM_001178175.1,79,81,302,304,3,TCA
NM_001178175.1,79,81,299,301,3,TCA
NM_001178175.1,79,81,320,322,3,TCA
NM_001178175.1,79,81,208,210,3,TCA
NM_001178175.1,302,304,339,341,3,TCA
NM_001178175.1,299,301,339,341,3,TCA
NM_001178175.1,320,322,339,341,3,TCA
NM_001178175.1,208,210,339,341,3,TCA
NM_001178175.1,7,9,339,341,3,TCA
NM_001178175.1,242,244,339,341,3,TCA
NM_001178175.1,206,208,267,269,3,TCT
NM_001178175.1,10,12,206,208,3,TCT
NM_001178175.1,267,269,285,287,3,TCT
NM_001178175.1,10,12,285,287,3,TCT
NM_001178175.1,33,35,206,208,3,TCT
NM_001178175.1,33,35,285,287,3,TCT
NM_001178175.1,48,53,180,185,6,TGAAGA
NM_001178175.1,2,4,315,317,3,TGT
NM_001178175.1,66,68,283,285,3,TGT
NM_001178175.1,283,285,315,317,3,TGT
NM_001178175.1,254,256,283,285,3,TGT
NM_001178175.1,281,283,283,285,3,TGT
NM_001178175.1,254,256,315,317,3,TGT
NM_001178175.1,281,283,315,317,3,TGT
NM_001178175.1,254,256,336,338,3,TGT
NM_001178175.1,281,283,336,338,3,TGT
NM_001178175.1,2,4,336,338,3,TGT
NM_001178175.1,66,68,336,338,3,TGT
NM_001178175.1,283,285,336,338,3,TGT
NM_001178175.1,315,317,336,338,3,TGT
NM_001178175.1,254,256,312,314,3,TGT
NM_001178175.1,281,283,312,314,3,TGT
NM_001178175.1,2,4,312,314,3,TGT
NM_001178175.1,66,68,312,314,3,TGT
NM_001178175.1,283,285,312,314,3,TGT
NM_001178175.1,169,171,292,294,3,TTA
NM_001178175.1,169,171,344,346,3,TTA
NM_001178175.1,27,29,169,171,3,TTA
NM_001178175.1,27,29,292,294,3,TTA
NM_001178175.1,27,29,344,346,3,TTA
NM_001178175.1,27,29,221,223,3,TTA
NM_001180140.1,155,157,258,260,3,AAA
NM_001180140.1,72,74,155,157,3,AAA
NM_001180140.1,257,259,258,260,3,AAA
NM_001180140.1,71,73,258,260,3,AAA
NM_001180140.1,113,115,258,260,3,AAA
NM_001180140.1,72,74,257,259,3,AAA
NM_001180140.1,71,73,72,74,3,AAA
NM_001180140.1,72,74,113,115,3,AAA
NM_001180140.1,155,157,277,279,3,AAA
NM_001180140.1,257,259,277,279,3,AAA
NM_001180140.1,71,73,277,279,3,AAA
NM_001180140.1,113,115,277,279,3,AAA
NM_001180140.1,114,116,155,157,3,AAA
NM_001180140.1,114,116,257,259,3,AAA
NM_001180140.1,71,73,114,116,3,AAA
NM_001180140.1,113,115,114,116,3,AAA
NM_001180140.1,114,116,277,279,3,AAA
NM_001180140.1,53,55,258,260,3,AAA
NM_001180140.1,53,55,72,74,3,AAA
NM_001180140.1,59,61,258,260,3,AAA
NM_001180140.1,59,61,72,74,3,AAA
NM_001180140.1,53,55,155,157,3,AAA
NM_001180140.1,59,61,155,157,3,AAA
NM_001180140.1,53,55,277,279,3,AAA
NM_001180140.1,59,61,277,279,3,AAA
NM_001180140.1,155,157,156,158,3,AAA
NM_001180140.1,53,55,156,158,3,AAA
NM_001180140.1,59,61,156,158,3,AAA
NM_001180140.1,156,158,257,259,3,AAA
NM_001180140.1,71,73,156,158,3,AAA
NM_001180140.1,113,115,156,158,3,AAA
NM_001180140.1,156,158,277,279,3,AAA
NM_001180140.1,263,270,278,285,8,AAGAAGAA
NM_001180140.1,266,273,278,285,8,AAGAAGAA
NM_001180140.1,186,193,225,232,8,CGCTGGTG
NM_001180140.1,186,193,213,220,8,CGCTGGTG
NM_001180140.1,44,47,68,71,4,CTGA
NM_001180140.1,44,47,50,53,4,CTGA
NM_001180140.1,68,71,125,128,4,CTGA
NM_001180140.1,50,53,125,128,4,CTGA
NM_001180140.1,23,25,180,182,3,CTT
NM_001180140.1,65,67,168,170,3,CTT
NM_001180140.1,65,67,159,161,3,CTT
NM_001180140.1,23,25,159,161,3,CTT
NM_001180140.1,33,35,180,182,3,CTT
NM_001180140.1,33,35,168,170,3,CTT
NM_001180140.1,33,35,65,67,3,CTT
NM_001180140.1,23,25,33,35,3,CTT
NM_001180140.1,33,35,83,85,3,CTT
NM_001180140.1,65,67,83,85,3,CTT
NM_001180140.1,23,25,83,85,3,CTT
NM_001180140.1,143,145,159,161,3,CTT
NM_001180140.1,143,145,180,182,3,CTT
NM_001180140.1,143,145,168,170,3,CTT
NM_001180140.1,17,19,159,161,3,CTT
NM_001180140.1,17,19,180,182,3,CTT
NM_001180140.1,17,19,168,170,3,CTT
NM_001180140.1,33,35,143,145,3,CTT
NM_001180140.1,17,19,33,35,3,CTT
NM_001180140.1,65,67,143,145,3,CTT
NM_001180140.1,23,25,143,145,3,CTT
NM_001180140.1,17,19,65,67,3,CTT
NM_001180140.1,17,19,23,25,3,CTT
NM_001180140.1,262,271,265,274,10,GAAGAAGAAG
NM_001180140.1,244,248,271,275,5,GAAGC
NM_001180140.1,235,239,271,275,5,GAAGC
NM_001180140.1,244,248,250,254,5,GAAGC
NM_001180140.1,235,239,250,254,5,GAAGC
NM_001180140.1,187,193,205,211,7,GCTGGTG
NM_001180140.1,205,211,226,232,7,GCTGGTG
NM_001180140.1,205,211,214,220,7,GCTGGTG
NM_001180140.1,232,241,241,250,10,GGTGAAGCCG
NM_001180140.1,111,116,255,260,6,TGAAAA
NM_001180140.1,69,74,111,116,6,TGAAAA
NM_001180140.1,207,223,219,235,17,TGGTGTCGCTGGTGGTG
NM_001180140.1,219,223,228,232,5,TGGTG
NM_001180140.1,216,220,219,223,5,TGGTG
NM_001180140.1,189,193,231,235,5,TGGTG
NM_001180140.1,189,193,219,223,5,TGGTG
NM_001180140.1,207,211,231,235,5,TGGTG
NM_001180140.1,228,232,231,235,5,TGGTG
NM_001180140.1,216,220,231,235,5,TGGTG
NM_001180140.1,79,82,160,163,4,TTGA
NM_001180140.1,85,88,160,163,4,TTGA
NM_001180140.1,85,88,110,113,4,TTGA
NM_001180140.1,34,37,79,82,4,TTGA
NM_001180140.1,34,37,110,113,4,TTGA
NM_001180140.1,34,37,85,88,4,TTGA
NM_001180140.1,160,163,314,317,4,TTGA
NM_001180140.1,79,82,314,317,4,TTGA
NM_001180140.1,110,113,314,317,4,TTGA
NM_001180140.1,144,147,313,316,4,TTTG
NM_001180140.1,39,42,313,316,4,TTTG
NM_001180140.1,39,42,84,87,4,TTTG
NM_001180140.1,18,21,133,136,4,TTTG
NM_001180140.1,18,21,313,316,4,TTTG
NM_001180140.1,18,21,39,42,4,TTTG
NM_001180140.1,133,136,313,316,4,TTTG
NM_001180140.1,133,136,144,147,4,TTTG
NM_001180140.1,84,87,133,136,4,TTTG
NM_001181829.1,134,137,135,138,4,AAAA
NM_001181829.1,32,35,135,138,4,AAAA
NM_001181829.1,86,89,135,138,4,AAAA
NM_001181829.1,135,138,155,158,4,AAAA
NM_001181829.1,33,37,55,59,5,AAACC
NM_001181829.1,20,27,26,33,8,AACAAGAA
NM_001181829.1,88,92,142,146,5,AAGGA
NM_001181829.1,157,160,198,201,4,AAGT
NM_001181829.1,157,160,191,194,4,AAGT
NM_001181829.1,191,194,198,201,4,AAGT
NM_001181829.1,53,57,161,165,5,ACAAA
NM_001181829.1,14,21,27,34,8,ACAAGAAA
NM_001181829.1,4,8,10,14,5,ACTGA
NM_001181829.1,30,35,84,89,6,AGAAAA
NM_001181829.1,89,93,92,96,5,AGGAG
NM_001181829.1,167,172,199,204,6,AGTGCA
NM_001181829.1,105,109,138,142,5,ATGCA
NM_001181829.1,114,118,147,151,5,ATTCA
NM_001181829.1,141,144,197,200,4,CAAG
NM_001181829.1,28,31,197,200,4,CAAG
NM_001181829.1,15,18,197,200,4,CAAG
NM_001181829.1,22,25,197,200,4,CAAG
NM_001181829.1,124,127,197,200,4,CAAG
NM_001181829.1,28,31,141,144,4,CAAG
NM_001181829.1,15,18,141,144,4,CAAG
NM_001181829.1,22,25,141,144,4,CAAG
NM_001181829.1,124,127,141,144,4,CAAG
NM_001181829.1,65,68,104,107,4,CATG
NM_001181829.1,104,107,171,174,4,CATG
NM_001181829.1,65,68,171,174,4,CATG
NM_001181829.1,36,38,82,84,3,CCA
NM_001181829.1,36,38,64,66,3,CCA
NM_001181829.1,36,38,196,198,3,CCA
NM_001181829.1,82,84,196,198,3,CCA
NM_001181829.1,64,66,196,198,3,CCA
NM_001181829.1,5,10,131,136,6,CTGAAA
NM_001181829.1,85,90,154,159,6,GAAAAG
NM_001181829.1,13,19,122,128,7,GACAAGA
NM_001181829.1,49,53,91,95,5,GAGGA
NM_001181829.1,43,48,166,171,6,GAGTGC
NM_001181829.1,51,56,121,126,6,GGACAA
NM_001181829.1,60,66,78,84,7,TAAGCCA
NM_001181829.1,132,137,153,158,6,TGAAAA
NM_001181829.1,139,143,201,205,5,TGCAA
NM_001181829.1,106,110,169,173,5,TGCAT
NM_001181829.1,187,189,194,196,3,TTC
NM_001181829.1,115,117,187,189,3,TTC
NM_001181829.1,148,150,187,189,3,TTC
NM_001181829.1,115,117,194,196,3,TTC
NM_001181829.1,148,150,194,196,3,TTC
NM_001184149.1,101,103,198,200,3,AAA
NM_001184149.1,197,199,198,200,3,AAA
NM_001184149.1,198,200,251,253,3,AAA
NM_001184149.1,125,127,198,200,3,AAA
NM_001184149.1,101,103,252,254,3,AAA
NM_001184149.1,197,199,252,254,3,AAA
NM_001184149.1,251,253,252,254,3,AAA
NM_001184149.1,125,127,252,254,3,AAA
NM_001184149.1,39,41,126,128,3,AAA
NM_001184149.1,101,103,126,128,3,AAA
NM_001184149.1,126,128,197,199,3,AAA
NM_001184149.1,126,128,251,253,3,AAA
NM_001184149.1,125,127,126,128,3,AAA
NM_001184149.1,54,56,198,200,3,AAA
NM_001184149.1,54,56,252,254,3,AAA
NM_001184149.1,39,41,54,56,3,AAA
NM_001184149.1,54,56,101,103,3,AAA
NM_001184149.1,54,56,197,199,3,AAA
NM_001184149.1,54,56,251,253,3,AAA
NM_001184149.1,54,56,125,127,3,AAA
NM_001184149.1,54,56,102,104,3,AAA
NM_001184149.1,39,41,102,104,3,AAA
NM_001184149.1,101,103,102,104,3,AAA
NM_001184149.1,102,104,197,199,3,AAA
NM_001184149.1,102,104,251,253,3,AAA
NM_001184149.1,102,104,125,127,3,AAA
NM_001184149.1,22,28,40,46,7,AAGAAGA
NM_001184149.1,40,46,232,238,7,AAGAAGA
NM_001184149.1,12,20,25,33,9,AAGAGAACC
NM_001184149.1,55,57,245,247,3,AAT
NM_001184149.1,41,45,170,174,5,AGAAG
NM_001184149.1,23,27,170,174,5,AGAAG
NM_001184149.1,170,174,233,237,5,AGAAG
NM_001184149.1,44,48,170,174,5,AGAAG
NM_001184149.1,106,113,236,243,8,AGAGATAT
NM_001184149.1,200,202,203,205,3,AGC
NM_001184149.1,218,222,224,228,5,AGGCC
NM_001184149.1,212,216,218,222,5,AGGCC
NM_001184149.1,212,216,224,228,5,AGGCC
NM_001184149.1,112,114,141,143,3,ATT
NM_001184149.1,148,151,216,219,4,CAAG
NM_001184149.1,11,14,148,151,4,CAAG
NM_001184149.1,148,151,156,159,4,CAAG
NM_001184149.1,156,159,216,219,4,CAAG
NM_001184149.1,77,79,227,229,3,CCG
NM_001184149.1,20,23,95,98,4,CTAA
NM_001184149.1,62,65,95,98,4,CTAA
NM_001184149.1,20,23,184,187,4,CTAA
NM_001184149.1,62,65,184,187,4,CTAA
NM_001184149.1,100,104,124,128,5,GAAAA
NM_001184149.1,100,104,196,200,5,GAAAA
NM_001184149.1,124,128,250,254,5,GAAAA
NM_001184149.1,124,128,196,200,5,GAAAA
NM_001184149.1,155,157,201,203,3,GCA
NM_001184149.1,68,70,165,167,3,GGG
NM_001184149.1,3,5,166,168,3,GGT
NM_001184149.1,167,169,174,176,3,GTG
NM_001184149.1,185,192,264,271,8,TAACGCCA
NM_001184149.1,21,30,231,240,10,TAAGAAGAGA
NM_001184149.1,82,84,208,210,3,TAC
NM_001184149.1,76,78,129,131,3,TCC
NM_001184149.1,121,123,183,185,3,TCT
NM_001184149.1,74,76,86,88,3,TGT
NM_001184149.1,207,209,259,261,3,TTA
NM_001184149.1,91,93,120,122,3,TTC
NM_001184438.1,52,54,54,56,3,AAA
NM_001184438.1,53,55,131,133,3,AAA
NM_001184438.1,52,54,131,133,3,AAA
NM_001184438.1,53,55,65,67,3,AAA
NM_001184438.1,54,56,118,120,3,AAA
NM_001184438.1,53,55,118,120,3,AAA
NM_001184438.1,65,67,118,120,3,AAA
NM_001184438.1,52,54,118,120,3,AAA
NM_001184438.1,54,56,74,76,3,AAA
NM_001184438.1,53,55,74,76,3,AAA
NM_001184438.1,74,76,131,133,3,AAA
NM_001184438.1,34,39,148,153,6,AAGAGA
NM_001184438.1,39,41,119,121,3,AAT
NM_001184438.1,29,31,79,81,3,ACG
NM_001184438.1,16,21,139,144,6,ACTTTG
NM_001184438.1,100,105,151,156,6,AGATTT
NM_001184438.1,56,58,168,170,3,AGG
NM_001184438.1,44,46,120,122,3,ATA
NM_001184438.1,1,3,10,12,3,ATG
NM_001184438.1,94,97,166,169,4,CCAG
NM_001184438.1,25,28,166,169,4,CCAG
NM_001184438.1,109,112,166,169,4,CCAG
NM_001184438.1,94,97,109,112,4,CCAG
NM_001184438.1,63,65,114,116,3,CGA
NM_001184438.1,42,44,98,100,3,CTA
NM_001184438.1,89,91,107,109,3,CTC
NM_001184438.1,64,66,147,149,3,GAA
NM_001184438.1,51,53,147,149,3,GAA
NM_001184438.1,73,75,147,149,3,GAA
NM_001184438.1,51,53,81,83,3,GAA
NM_001184438.1,73,75,81,83,3,GAA
NM_001184438.1,64,66,144,146,3,GAA
NM_001184438.1,38,40,81,83,3,GAA
NM_001184438.1,38,40,64,66,3,GAA
NM_001184438.1,38,40,144,146,3,GAA
NM_001184438.1,38,40,51,53,3,GAA
NM_001184438.1,38,40,73,75,3,GAA
NM_001184438.1,115,120,128,133,6,GACAAA
NM_001184438.1,3,5,32,34,3,GCA
NM_001184438.1,88,90,97,99,3,GCT
NM_001184438.1,58,60,84,86,3,GTC
NM_001184438.1,68,70,71,73,3,GTG
NM_001184438.1,45,47,164,166,3,TAC
NM_001184438.1,43,45,121,123,3,TAT
NM_001184438.1,8,10,72,74,3,TGA
NM_001184438.1,2,4,87,89,3,TGC
NM_001184438.1,20,22,69,71,3,TGG
NM_001184438.1,105,107,123,125,3,TTC
NM_001184438.1,154,159,159,164,6,TTTGGT
NM_001179952.1,18,23,183,188,6,AAAAGG
NM_001179952.1,80,86,145,151,7,AACAAGG
NM_001179952.1,308,313,322,327,6,AAGAAG
NM_001179952.1,35,40,44,49,6,AAGCTT
NM_001179952.1,20,25,190,195,6,AAGGAT
NM_001179952.1,115,120,203,208,6,AAGGTC
NM_001179952.1,81,87,113,119,7,ACAAGGT
NM_001179952.1,227,232,319,324,6,ACCAAG
NM_001179952.1,138,144,309,315,7,AGAAGAC
NM_001179952.1,12,15,204,207,4,AGGT
NM_001179952.1,12,15,116,119,4,AGGT
NM_001179952.1,12,15,210,213,4,AGGT
NM_001179952.1,12,15,162,165,4,AGGT
NM_001179952.1,12,15,128,131,4,AGGT
NM_001179952.1,133,138,317,322,6,CAACCA
NM_001179952.1,160,166,208,214,7,CAAGGTG
NM_001179952.1,254,259,260,265,6,CCAAGT
NM_001179952.1,75,79,120,124,5,CGCTG
NM_001179952.1,120,124,198,202,5,CGCTG
NM_001179952.1,27,33,303,309,7,CGGTGAA
NM_001179952.1,41,46,200,205,6,CTGAAG
NM_001179952.1,31,37,181,187,7,GAAAAAG
NM_001179952.1,139,143,307,311,5,GAAGA
NM_001179952.1,307,311,310,314,5,GAAGA
NM_001179952.1,103,109,112,118,7,GACAAGG
NM_001179952.1,58,63,172,177,6,GACTCT
NM_001179952.1,85,91,124,130,7,GGTAAGG
NM_001179952.1,28,33,211,216,6,GGTGAA
NM_001179952.1,211,216,304,309,6,GGTGAA
NM_001179952.1,151,156,163,168,6,GGTGTC
NM_001179952.1,166,170,258,262,5,GTCCA
NM_001179952.1,258,262,298,302,5,GTCCA
NM_001179952.1,164,172,296,304,9,GTGTCCACG
NM_001179952.1,158,163,259,264,6,TCCAAG
NM_001179952.1,42,47,50,55,6,TGAAGC
NM_001180463.1,49,53,217,221,5,AACAC
NM_001180463.1,31,35,49,53,5,AACAC
NM_001180463.1,145,149,229,233,5,AACAT
NM_001180463.1,86,90,145,149,5,AACAT
NM_001180463.1,18,22,388,392,5,AAGAA
NM_001180463.1,349,353,388,392,5,AAGAA
NM_001180463.1,218,223,236,241,6,ACACCA
NM_001180463.1,43,46,185,188,4,ACGC
NM_001180463.1,185,188,200,203,4,ACGC
NM_001180463.1,52,55,200,203,4,ACGC
NM_001180463.1,73,76,194,197,4,ACGC
NM_001180463.1,73,76,185,188,4,ACGC
NM_001180463.1,73,76,200,203,4,ACGC
NM_001180463.1,185,188,194,197,4,ACGC
NM_001180463.1,43,46,194,197,4,ACGC
NM_001180463.1,52,55,194,197,4,ACGC
NM_001180463.1,19,24,143,148,6,AGAACA
NM_001180463.1,16,22,347,353,7,AGAAGAA
NM_001180463.1,137,145,350,358,9,AGAAGGAGA
NM_001180463.1,282,287,309,314,6,AGACTT
NM_001180463.1,9,15,104,110,7,AGGTTCT
NM_001180463.1,130,132,175,177,3,ATC
NM_001180463.1,175,177,258,260,3,ATC
NM_001180463.1,166,169,407,410,4,ATGA
NM_001180463.1,134,137,166,169,4,ATGA
NM_001180463.1,1,4,166,169,4,ATGA
NM_001180463.1,1,4,407,410,4,ATGA
NM_001180463.1,1,4,134,137,4,ATGA
NM_001180463.1,1,4,4,7,4,ATGA
NM_001180463.1,274,279,328,333,6,ATTCAG
NM_001180463.1,85,90,228,233,6,CAACAT
NM_001180463.1,51,55,72,76,5,CACGC
NM_001180463.1,42,46,51,55,5,CACGC
NM_001180463.1,63,68,327,332,6,CATTCA
NM_001180463.1,41,46,71,76,6,CCACGC
NM_001180463.1,188,191,302,305,4,CCGC
NM_001180463.1,206,209,302,305,4,CCGC
NM_001180463.1,188,191,317,320,4,CCGC
NM_001180463.1,206,209,317,320,4,CCGC
NM_001180463.1,302,305,320,323,4,CCGC
NM_001180463.1,317,320,320,323,4,CCGC
NM_001180463.1,225,227,243,245,3,CCT
NM_001180463.1,55,57,243,245,3,CCT
NM_001180463.1,132,138,405,411,7,CGATGAG
NM_001180463.1,303,308,323,328,6,CGCCCA
NM_001180463.1,186,191,318,323,6,CGCCGC
NM_001180463.1,189,193,201,205,5,CGCTG
NM_001180463.1,201,205,207,211,5,CGCTG
NM_001180463.1,38,43,161,166,6,CTACCA
NM_001180463.1,98,103,191,196,6,CTGACG
NM_001180463.1,79,83,295,299,5,CTGCC
NM_001180463.1,203,207,295,299,5,CTGCC
NM_001180463.1,56,61,209,214,6,CTGTGG
NM_001180463.1,109,114,285,290,6,CTTCAA
NM_001180463.1,6,8,20,22,3,GAA
NM_001180463.1,6,8,144,146,3,GAA
NM_001180463.1,6,8,17,19,3,GAA
NM_001180463.1,6,8,348,350,3,GAA
NM_001180463.1,6,8,138,140,3,GAA
NM_001180463.1,6,8,351,353,3,GAA
NM_001180463.1,17,19,168,170,3,GAA
NM_001180463.1,168,170,348,350,3,GAA
NM_001180463.1,138,140,168,170,3,GAA
NM_001180463.1,168,170,351,353,3,GAA
NM_001180463.1,20,22,168,170,3,GAA
NM_001180463.1,144,146,168,170,3,GAA
NM_001180463.1,168,170,390,392,3,GAA
NM_001180463.1,342,344,357,359,3,GAC
NM_001180463.1,199,201,357,359,3,GAC
NM_001180463.1,199,201,235,237,3,GAC
NM_001180463.1,100,102,357,359,3,GAC
NM_001180463.1,193,195,357,359,3,GAC
NM_001180463.1,100,102,235,237,3,GAC
NM_001180463.1,193,195,235,237,3,GAC
NM_001180463.1,283,285,342,344,3,GAC
NM_001180463.1,235,237,283,285,3,GAC
NM_001180463.1,310,312,342,344,3,GAC
NM_001180463.1,235,237,310,312,3,GAC
NM_001180463.1,199,201,283,285,3,GAC
NM_001180463.1,199,201,310,312,3,GAC
NM_001180463.1,100,102,283,285,3,GAC
NM_001180463.1,193,195,283,285,3,GAC
NM_001180463.1,100,102,310,312,3,GAC
NM_001180463.1,193,195,310,312,3,GAC
NM_001180463.1,136,141,346,351,6,GAGAAG
NM_001180463.1,3,7,406,410,5,GATGA
NM_001180463.1,3,7,133,137,5,GATGA
NM_001180463.1,187,193,205,211,7,GCCGCTG
NM_001180463.1,179,185,383,389,7,GCGGCAA
NM_001180463.1,78,83,202,207,6,GCTGCC
NM_001180463.1,141,146,345,350,6,GGAGAA
NM_001180463.1,11,13,370,372,3,GTT
NM_001180463.1,106,108,370,372,3,GTT
NM_001180463.1,30,35,216,221,6,TAACAC
NM_001180463.1,162,167,171,176,6,TACCAT
NM_001180463.1,176,178,227,229,3,TCA
NM_001180463.1,176,178,287,289,3,TCA
NM_001180463.1,111,113,176,178,3,TCA
NM_001180463.1,227,229,276,278,3,TCA
NM_001180463.1,227,229,330,332,3,TCA
NM_001180463.1,62,64,176,178,3,TCA
NM_001180463.1,62,64,227,229,3,TCA
NM_001180463.1,62,64,276,278,3,TCA
NM_001180463.1,62,64,330,332,3,TCA
NM_001180463.1,62,64,287,289,3,TCA
NM_001180463.1,62,64,111,113,3,TCA
NM_001180463.1,66,68,176,178,3,TCA
NM_001180463.1,66,68,227,229,3,TCA
NM_001180463.1,316,318,337,339,3,TCC
NM_001180463.1,253,255,316,318,3,TCC
NM_001180463.1,233,235,401,403,3,TCG
NM_001180463.1,131,133,401,403,3,TCG
NM_001180463.1,94,96,335,337,3,TCT
NM_001180463.1,92,94,94,96,3,TCT
NM_001180463.1,13,15,335,337,3,TCT
NM_001180463.1,13,15,92,94,3,TCT
NM_001180463.1,94,96,294,296,3,TCT
NM_001180463.1,13,15,294,296,3,TCT
NM_001180463.1,94,96,117,119,3,TCT
NM_001180463.1,117,119,335,337,3,TCT
NM_001180463.1,92,94,117,119,3,TCT
NM_001180463.1,94,96,108,110,3,TCT
NM_001180463.1,108,110,294,296,3,TCT
NM_001180463.1,108,110,335,337,3,TCT
NM_001180463.1,92,94,108,110,3,TCT
NM_001180463.1,296,302,375,381,7,TGCCACC
NM_001180463.1,119,121,212,214,3,TGG
NM_001180463.1,59,61,119,121,3,TGG
NM_001180463.1,275,278,286,289,4,TTCA
NM_001180463.1,110,113,275,278,4,TTCA
NM_001180463.1,286,289,329,332,4,TTCA
NM_001180463.1,110,113,329,332,4,TTCA
NM_001180463.1,65,68,286,289,4,TTCA
NM_001180463.1,65,68,110,113,4,TTCA
NM_001178771.1,34,37,236,239,4,AATT
NM_001178771.1,8,11,236,239,4,AATT
NM_001178771.1,90,93,236,239,4,AATT
NM_001178771.1,34,37,90,93,4,AATT
NM_001178771.1,8,11,90,93,4,AATT
NM_001178771.1,27,32,261,266,6,ACAGGG
NM_001178771.1,48,53,261,266,6,ACAGGG
NM_001178771.1,74,77,150,153,4,ACTG
NM_001178771.1,150,153,192,195,4,ACTG
NM_001178771.1,94,97,150,153,4,ACTG
NM_001178771.1,74,77,192,195,4,ACTG
NM_001178771.1,74,77,94,97,4,ACTG
NM_001178771.1,17,20,215,218,4,AGCA
NM_001178771.1,17,20,124,127,4,AGCA
NM_001178771.1,17,20,185,188,4,AGCA
NM_001178771.1,124,127,215,218,4,AGCA
NM_001178771.1,185,188,215,218,4,AGCA
NM_001178771.1,23,25,167,169,3,AGG
NM_001178771.1,167,169,189,191,3,AGG
NM_001178771.1,23,25,65,67,3,AGG
NM_001178771.1,65,67,189,191,3,AGG
NM_001178771.1,23,25,263,265,3,AGG
NM_001178771.1,189,191,263,265,3,AGG
NM_001178771.1,23,25,29,31,3,AGG
NM_001178771.1,29,31,189,191,3,AGG
NM_001178771.1,23,25,50,52,3,AGG
NM_001178771.1,50,52,189,191,3,AGG
NM_001178771.1,65,67,263,265,3,AGG
NM_001178771.1,29,31,65,67,3,AGG
NM_001178771.1,50,52,65,67,3,AGG
NM_001178771.1,23,25,317,319,3,AGG
NM_001178771.1,189,191,317,319,3,AGG
NM_001178771.1,167,169,317,319,3,AGG
NM_001178771.1,23,25,299,301,3,AGG
NM_001178771.1,189,191,299,301,3,AGG
NM_001178771.1,263,265,299,301,3,AGG
NM_001178771.1,29,31,299,301,3,AGG
NM_001178771.1,50,52,299,301,3,AGG
NM_001178771.1,167,169,299,301,3,AGG
NM_001178771.1,23,25,273,275,3,AGG
NM_001178771.1,189,191,273,275,3,AGG
NM_001178771.1,263,265,273,275,3,AGG
NM_001178771.1,29,31,273,275,3,AGG
NM_001178771.1,50,52,273,275,3,AGG
NM_001178771.1,167,169,273,275,3,AGG
NM_001178771.1,273,275,317,319,3,AGG
NM_001178771.1,65,67,273,275,3,AGG
NM_001178771.1,45,48,234,237,4,CAAA
NM_001178771.1,147,150,234,237,4,CAAA
NM_001178771.1,129,132,234,237,4,CAAA
NM_001178771.1,129,132,175,178,4,CAAA
NM_001178771.1,45,48,129,132,4,CAAA
NM_001178771.1,129,132,147,150,4,CAAA
NM_001178771.1,85,88,126,129,4,CAAC
NM_001178771.1,85,88,100,103,4,CAAC
NM_001178771.1,85,88,206,209,4,CAAC
NM_001178771.1,100,103,126,129,4,CAAC
NM_001178771.1,126,129,206,209,4,CAAC
NM_001178771.1,106,109,283,286,4,CAGA
NM_001178771.1,19,22,283,286,4,CAGA
NM_001178771.1,106,109,228,231,4,CAGA
NM_001178771.1,19,22,228,231,4,CAGA
NM_001178771.1,212,215,283,286,4,CAGA
NM_001178771.1,212,215,228,231,4,CAGA
NM_001178771.1,214,217,266,269,4,GAGC
NM_001178771.1,253,256,266,269,4,GAGC
NM_001178771.1,3,6,214,217,4,GAGC
NM_001178771.1,3,6,253,256,4,GAGC
NM_001178771.1,3,6,266,269,4,GAGC
NM_001178771.1,125,127,259,261,3,GCA
NM_001178771.1,186,188,259,261,3,GCA
NM_001178771.1,240,242,259,261,3,GCA
NM_001178771.1,72,74,125,127,3,GCA
NM_001178771.1,72,74,186,188,3,GCA
NM_001178771.1,32,34,72,74,3,GCA
NM_001178771.1,18,20,259,261,3,GCA
NM_001178771.1,18,20,32,34,3,GCA
NM_001178771.1,18,20,72,74,3,GCA
NM_001178771.1,18,20,240,242,3,GCA
NM_001178771.1,105,107,125,127,3,GCA
NM_001178771.1,105,107,186,188,3,GCA
NM_001178771.1,105,107,259,261,3,GCA
NM_001178771.1,32,34,105,107,3,GCA
NM_001178771.1,72,74,105,107,3,GCA
NM_001178771.1,105,107,240,242,3,GCA
NM_001178771.1,125,127,211,213,3,GCA
NM_001178771.1,186,188,211,213,3,GCA
NM_001178771.1,72,74,211,213,3,GCA
NM_001178771.1,211,213,240,242,3,GCA
NM_001178771.1,105,107,216,218,3,GCA
NM_001178771.1,211,213,216,218,3,GCA
NM_001178771.1,216,218,259,261,3,GCA
NM_001178771.1,32,34,216,218,3,GCA
NM_001178771.1,72,74,216,218,3,GCA
NM_001178771.1,216,218,240,242,3,GCA
NM_001178771.1,99,102,146,149,4,TCAA
NM_001178771.1,146,149,205,208,4,TCAA
NM_001178771.1,44,47,99,102,4,TCAA
NM_001178771.1,99,102,174,177,4,TCAA
NM_001178771.1,44,47,205,208,4,TCAA
NM_001178771.1,174,177,205,208,4,TCAA
