NM_074174.3,91,94,121,124,4,AAGA
NM_074174.3,91,94,141,144,4,AAGA
NM_074174.3,91,94,100,103,4,AAGA
NM_074174.3,134,137,138,141,4,AAGA
NM_074174.3,91,94,299,302,4,AAGA
NM_074174.3,42,44,302,304,3,ACC
NM_074174.3,155,158,270,273,4,ACGA
NM_074174.3,86,89,243,246,4,ACGA
NM_074174.3,155,158,243,246,4,ACGA
NM_074174.3,158,160,171,173,3,ACT
NM_074174.3,158,160,251,253,3,ACT
NM_074174.3,176,178,251,253,3,ACT
NM_074174.3,104,106,171,173,3,ACT
NM_074174.3,158,160,234,236,3,ACT
NM_074174.3,176,178,234,236,3,ACT
NM_074174.3,158,160,174,176,3,ACT
NM_074174.3,104,106,132,134,3,ACT
NM_074174.3,119,121,171,173,3,ACT
NM_074174.3,236,238,251,253,3,ACT
NM_074174.3,119,121,234,236,3,ACT
NM_074174.3,119,121,174,176,3,ACT
NM_074174.3,119,121,251,253,3,ACT
NM_074174.3,280,284,287,291,5,AGAAG
NM_074174.3,222,225,294,297,4,AGCA
NM_074174.3,190,193,294,297,4,AGCA
NM_074174.3,69,71,218,220,3,ATC
NM_074174.3,1,3,259,261,3,ATG
NM_074174.3,1,3,103,105,3,ATG
NM_074174.3,46,48,199,201,3,ATG
NM_074174.3,46,48,259,261,3,ATG
NM_074174.3,46,48,103,105,3,ATG
NM_074174.3,226,228,259,261,3,ATG
NM_074174.3,97,99,199,201,3,ATG
NM_074174.3,97,99,259,261,3,ATG
NM_074174.3,97,99,103,105,3,ATG
NM_074174.3,1,3,82,84,3,ATG
NM_074174.3,1,3,41,43,3,ATG
NM_074174.3,26,28,163,165,3,CCT
NM_074174.3,26,28,33,35,3,CCT
NM_074174.3,20,22,163,165,3,CCT
NM_074174.3,107,109,163,165,3,CCT
NM_074174.3,125,127,163,165,3,CCT
NM_074174.3,20,22,303,305,3,CCT
NM_074174.3,285,287,303,305,3,CCT
NM_074174.3,107,109,303,305,3,CCT
NM_074174.3,125,127,303,305,3,CCT
NM_074174.3,257,259,303,305,3,CCT
NM_074174.3,26,28,117,119,3,CCT
NM_074174.3,20,22,117,119,3,CCT
NM_074174.3,14,16,163,165,3,CCT
NM_074174.3,14,16,33,35,3,CCT
NM_074174.3,14,16,117,119,3,CCT
NM_074174.3,156,158,313,315,3,CGA
NM_074174.3,153,155,271,273,3,CGA
NM_074174.3,276,278,313,315,3,CGA
NM_074174.3,153,155,313,315,3,CGA
NM_074174.3,153,155,244,246,3,CGA
NM_074174.3,201,203,313,315,3,CGA
NM_074174.3,156,158,209,211,3,CGA
NM_074174.3,87,89,209,211,3,CGA
NM_074174.3,156,158,197,199,3,CGA
NM_074174.3,87,89,197,199,3,CGA
NM_074174.3,231,233,244,246,3,CGA
NM_074174.3,231,233,271,273,3,CGA
NM_074174.3,201,203,216,218,3,CGA
NM_074174.3,156,158,216,218,3,CGA
NM_074174.3,87,89,216,218,3,CGA
NM_074174.3,240,242,244,246,3,CGA
NM_074174.3,240,242,271,273,3,CGA
NM_074174.3,153,155,216,218,3,CGA
NM_074174.3,240,242,313,315,3,CGA
NM_074174.3,102,106,172,176,5,CTACT
NM_074174.3,102,106,232,236,5,CTACT
NM_074174.3,272,275,281,284,4,CTTC
NM_074174.3,29,32,133,136,4,CTTC
NM_074174.3,71,74,133,136,4,CTTC
NM_074174.3,120,123,281,284,4,CTTC
NM_074174.3,133,136,288,291,4,GAAG
NM_074174.3,133,136,272,275,4,GAAG
NM_074174.3,232,236,258,262,5,GATGA
NM_074174.3,172,176,258,262,5,GATGA
NM_074174.3,249,253,258,262,5,GATGA
NM_074174.3,197,204,240,247,8,GCTACGAG
NM_074174.3,117,119,285,287,3,GGA
NM_074174.3,33,35,125,127,3,GGA
NM_074174.3,33,35,107,109,3,GGA
NM_074174.3,163,165,285,287,3,GGA
NM_074174.3,199,201,226,228,3,TAC
NM_074174.3,82,84,269,271,3,TAC
NM_074174.3,103,105,269,271,3,TAC
NM_074174.3,259,261,269,271,3,TAC
NM_074174.3,103,105,226,228,3,TAC
NM_074174.3,41,43,269,271,3,TAC
NM_074174.3,41,43,97,99,3,TAC
NM_074174.3,41,43,226,228,3,TAC
NM_074174.3,41,43,46,48,3,TAC
NM_074174.3,127,130,190,193,4,TCGT
NM_074174.3,127,130,222,225,4,TCGT
NM_074174.3,127,130,219,222,4,TCGT
NM_074174.3,127,130,187,190,4,TCGT
NM_074174.3,109,112,190,193,4,TCGT
NM_074174.3,109,112,222,225,4,TCGT
NM_074174.3,80,83,203,206,4,TCTA
NM_074174.3,39,42,203,206,4,TCTA
NM_074174.3,101,104,203,206,4,TCTA
NM_074174.3,80,83,182,185,4,TCTA
NM_074174.3,39,42,182,185,4,TCTA
NM_074174.3,101,104,182,185,4,TCTA
NM_074174.3,28,35,280,287,8,TCTTCGGA
NM_074174.3,174,176,305,307,3,TGA
NM_074174.3,174,176,236,238,3,TGA
NM_074174.3,234,236,305,307,3,TGA
NM_074174.3,234,236,236,238,3,TGA
NM_074174.3,60,62,305,307,3,TGA
NM_074174.3,60,62,119,121,3,TGA
NM_074174.3,60,62,236,238,3,TGA
NM_074174.3,132,134,260,262,3,TGA
NM_074174.3,60,62,260,262,3,TGA
NM_074174.3,60,62,104,106,3,TGA
NM_074174.3,174,176,176,178,3,TGA
NM_074174.3,132,134,176,178,3,TGA
NM_074174.3,132,134,158,160,3,TGA
NM_074174.3,60,62,176,178,3,TGA
NM_074174.3,60,62,158,160,3,TGA
NM_074174.3,251,253,305,307,3,TGA
NM_074174.3,5,7,260,262,3,TGA
NM_074174.3,5,7,104,106,3,TGA
NM_074174.3,171,173,260,262,3,TGA
NM_074174.3,171,173,176,178,3,TGA
NM_074174.3,171,173,305,307,3,TGA
NM_074174.3,171,173,236,238,3,TGA
NM_074174.3,8,11,155,158,4,TGCT
NM_074174.3,2,5,86,89,4,TGCT
NM_074174.3,8,11,86,89,4,TGCT
NM_074174.3,38,41,91,94,4,TTCT
NM_066915.4,376,380,420,424,5,AAGAC
NM_066915.4,253,257,420,424,5,AAGAC
NM_066915.4,131,137,369,375,7,ACGAGGT
NM_066915.4,245,251,369,375,7,ACGAGGT
NM_066915.4,152,156,405,409,5,AGAAG
NM_066915.4,152,156,300,304,5,AGAAG
NM_066915.4,188,190,280,282,3,AGC
NM_066915.4,80,82,399,401,3,AGC
NM_066915.4,80,82,280,282,3,AGC
NM_066915.4,80,82,113,115,3,AGC
NM_066915.4,188,190,288,290,3,AGC
NM_066915.4,271,273,288,290,3,AGC
NM_066915.4,88,90,288,290,3,AGC
NM_066915.4,167,169,176,178,3,AGC
NM_066915.4,167,169,288,290,3,AGC
NM_066915.4,167,169,280,282,3,AGC
NM_066915.4,125,127,399,401,3,AGC
NM_066915.4,188,190,314,316,3,AGC
NM_066915.4,125,127,288,290,3,AGC
NM_066915.4,260,262,314,316,3,AGC
NM_066915.4,125,127,280,282,3,AGC
NM_066915.4,80,82,170,172,3,AGC
NM_066915.4,88,90,170,172,3,AGC
NM_066915.4,188,190,365,367,3,AGC
NM_066915.4,80,82,365,367,3,AGC
NM_066915.4,271,273,365,367,3,AGC
NM_066915.4,88,90,365,367,3,AGC
NM_066915.4,260,262,365,367,3,AGC
NM_066915.4,203,206,413,416,4,AGGT
NM_066915.4,203,206,329,332,4,AGGT
NM_066915.4,248,251,413,416,4,AGGT
NM_066915.4,134,137,413,416,4,AGGT
NM_066915.4,248,251,329,332,4,AGGT
NM_066915.4,134,137,329,332,4,AGGT
NM_066915.4,248,251,408,411,4,AGGT
NM_066915.4,134,137,408,411,4,AGGT
NM_066915.4,248,251,303,306,4,AGGT
NM_066915.4,134,137,303,306,4,AGGT
NM_066915.4,203,206,385,388,4,AGGT
NM_066915.4,203,206,372,375,4,AGGT
NM_066915.4,197,200,251,254,4,AGTT
NM_066915.4,155,158,341,344,4,AGTT
NM_066915.4,293,296,341,344,4,AGTT
NM_066915.4,155,158,206,209,4,AGTT
NM_066915.4,197,200,206,209,4,AGTT
NM_066915.4,252,255,397,400,4,CAAG
NM_066915.4,186,189,223,226,4,CAAG
NM_066915.4,165,168,223,226,4,CAAG
NM_066915.4,186,189,267,270,4,CAAG
NM_066915.4,165,168,267,270,4,CAAG
NM_066915.4,252,255,267,270,4,CAAG
NM_066915.4,186,189,282,285,4,CAAG
NM_066915.4,165,168,282,285,4,CAAG
NM_066915.4,252,255,282,285,4,CAAG
NM_066915.4,165,168,183,186,4,CAAG
NM_066915.4,273,276,294,297,4,CAAG
NM_066915.4,345,348,397,400,4,CAAG
NM_066915.4,390,392,401,403,3,CAC
NM_066915.4,241,243,401,403,3,CAC
NM_066915.4,144,146,401,403,3,CAC
NM_066915.4,333,335,401,403,3,CAC
NM_066915.4,393,395,401,403,3,CAC
NM_066915.4,119,121,401,403,3,CAC
NM_066915.4,331,333,401,403,3,CAC
NM_066915.4,228,230,401,403,3,CAC
NM_066915.4,85,87,401,403,3,CAC
NM_066915.4,325,327,401,403,3,CAC
NM_066915.4,85,87,115,117,3,CAC
NM_066915.4,21,23,401,403,3,CAC
NM_066915.4,21,23,115,117,3,CAC
NM_066915.4,285,287,401,403,3,CAC
NM_066915.4,297,299,401,403,3,CAC
NM_066915.4,151,153,175,177,3,CAG
NM_066915.4,151,153,313,315,3,CAG
NM_066915.4,151,153,436,438,3,CAG
NM_066915.4,151,153,163,165,3,CAG
NM_066915.4,270,272,436,438,3,CAG
NM_066915.4,79,81,436,438,3,CAG
NM_066915.4,79,81,163,165,3,CAG
NM_066915.4,87,89,205,207,3,CAG
NM_066915.4,124,126,205,207,3,CAG
NM_066915.4,87,89,250,252,3,CAG
NM_066915.4,124,126,250,252,3,CAG
NM_066915.4,292,294,313,315,3,CAG
NM_066915.4,79,81,205,207,3,CAG
NM_066915.4,79,81,250,252,3,CAG
NM_066915.4,87,89,337,339,3,CAG
NM_066915.4,124,126,337,339,3,CAG
NM_066915.4,151,153,337,339,3,CAG
NM_066915.4,270,272,337,339,3,CAG
NM_066915.4,79,81,337,339,3,CAG
NM_066915.4,79,81,83,85,3,CAG
NM_066915.4,246,251,383,388,6,CGAGGT
NM_066915.4,132,137,383,388,6,CGAGGT
NM_066915.4,94,99,196,201,6,CTCAAC
NM_066915.4,127,132,196,201,6,CTCAAC
NM_066915.4,159,163,239,243,5,CTGTG
NM_066915.4,159,163,218,222,5,CTGTG
NM_066915.4,159,163,428,432,5,CTGTG
NM_066915.4,102,105,349,352,4,CTTC
NM_066915.4,51,54,349,352,4,CTTC
NM_066915.4,51,54,153,156,4,CTTC
NM_066915.4,102,105,444,447,4,CTTC
NM_066915.4,419,422,444,447,4,CTTC
NM_066915.4,51,54,193,196,4,CTTC
NM_066915.4,102,105,193,196,4,CTTC
NM_066915.4,42,45,193,196,4,CTTC
NM_066915.4,5,8,201,204,4,CTTC
NM_066915.4,5,8,349,352,4,CTTC
NM_066915.4,201,206,406,411,6,GAAGGT
NM_066915.4,201,206,301,306,6,GAAGGT
NM_066915.4,255,257,434,436,3,GAC
NM_066915.4,378,380,434,436,3,GAC
NM_066915.4,239,241,425,427,3,GAC
NM_066915.4,218,220,425,427,3,GAC
NM_066915.4,353,355,425,427,3,GAC
NM_066915.4,58,60,425,427,3,GAC
NM_066915.4,360,362,434,436,3,GAC
NM_066915.4,58,60,72,74,3,GAC
NM_066915.4,239,241,422,424,3,GAC
NM_066915.4,218,220,422,424,3,GAC
NM_066915.4,353,355,422,424,3,GAC
NM_066915.4,58,60,422,424,3,GAC
NM_066915.4,360,362,422,424,3,GAC
NM_066915.4,310,312,425,427,3,GAC
NM_066915.4,310,312,434,436,3,GAC
NM_066915.4,49,51,422,424,3,GAC
NM_066915.4,49,51,159,161,3,GAC
NM_066915.4,316,318,422,424,3,GAC
NM_066915.4,49,51,72,74,3,GAC
NM_066915.4,38,40,422,424,3,GAC
NM_066915.4,38,40,159,161,3,GAC
NM_066915.4,38,40,425,427,3,GAC
NM_066915.4,38,40,434,436,3,GAC
NM_066915.4,38,40,72,74,3,GAC
NM_066915.4,259,261,299,301,3,GAG
NM_066915.4,276,278,287,289,3,GAG
NM_066915.4,139,141,287,289,3,GAG
NM_066915.4,276,278,384,386,3,GAG
NM_066915.4,276,278,371,373,3,GAG
NM_066915.4,55,57,287,289,3,GAG
NM_066915.4,55,57,299,301,3,GAG
NM_066915.4,247,249,287,289,3,GAG
NM_066915.4,247,249,299,301,3,GAG
NM_066915.4,133,135,287,289,3,GAG
NM_066915.4,133,135,299,301,3,GAG
NM_066915.4,235,237,404,406,3,GAG
NM_066915.4,214,216,404,406,3,GAG
NM_066915.4,55,57,226,228,3,GAG
NM_066915.4,133,135,226,228,3,GAG
NM_066915.4,139,141,226,228,3,GAG
NM_066915.4,196,198,384,386,3,GAG
NM_066915.4,196,198,371,373,3,GAG
NM_066915.4,196,198,404,406,3,GAG
NM_066915.4,214,216,226,228,3,GAG
NM_066915.4,196,198,287,289,3,GAG
NM_066915.4,196,198,299,301,3,GAG
NM_066915.4,276,278,323,325,3,GAG
NM_066915.4,235,237,323,325,3,GAG
NM_066915.4,214,216,323,325,3,GAG
NM_066915.4,126,129,132,135,4,GCTC
NM_066915.4,126,129,246,249,4,GCTC
NM_066915.4,76,79,132,135,4,GCTC
NM_066915.4,76,79,246,249,4,GCTC
NM_066915.4,168,171,246,249,4,GCTC
NM_066915.4,126,129,258,261,4,GCTC
NM_066915.4,93,96,258,261,4,GCTC
NM_066915.4,76,79,138,141,4,GCTC
NM_066915.4,93,96,138,141,4,GCTC
NM_066915.4,3,8,151,156,6,GTCTTC
NM_066915.4,3,8,442,447,6,GTCTTC
NM_066915.4,115,117,297,299,3,GTG
NM_066915.4,115,117,285,287,3,GTG
NM_066915.4,115,117,417,419,3,GTG
NM_066915.4,401,403,417,419,3,GTG
NM_066915.4,115,117,438,440,3,GTG
NM_066915.4,401,403,438,440,3,GTG
NM_066915.4,115,117,228,230,3,GTG
NM_066915.4,115,117,393,395,3,GTG
NM_066915.4,115,117,465,467,3,GTG
NM_066915.4,401,403,465,467,3,GTG
NM_066915.4,115,117,462,464,3,GTG
NM_066915.4,401,403,462,464,3,GTG
NM_066915.4,115,117,459,461,3,GTG
NM_066915.4,401,403,459,461,3,GTG
NM_066915.4,115,117,333,335,3,GTG
NM_066915.4,115,117,144,146,3,GTG
NM_066915.4,115,117,241,243,3,GTG
NM_066915.4,115,117,390,392,3,GTG
NM_066915.4,115,117,325,327,3,GTG
NM_066915.4,115,117,415,417,3,GTG
NM_066915.4,401,403,415,417,3,GTG
NM_066915.4,115,117,331,333,3,GTG
NM_066915.4,115,117,119,121,3,GTG
NM_066915.4,161,163,438,440,3,GTG
NM_066915.4,161,163,228,230,3,GTG
NM_066915.4,161,163,297,299,3,GTG
NM_066915.4,161,163,285,287,3,GTG
NM_066915.4,161,163,456,458,3,GTG
NM_066915.4,161,163,262,264,3,GTG
NM_066915.4,161,163,393,395,3,GTG
NM_066915.4,161,163,465,467,3,GTG
NM_066915.4,161,163,462,464,3,GTG
NM_066915.4,161,163,459,461,3,GTG
NM_066915.4,161,163,244,246,3,GTG
NM_066915.4,161,163,475,477,3,GTG
NM_066915.4,183,186,186,189,4,GTTC
NM_066915.4,183,186,252,255,4,GTTC
NM_066915.4,267,270,273,276,4,GTTC
NM_066915.4,156,159,345,348,4,GTTC
NM_066915.4,294,297,345,348,4,GTTC
NM_066915.4,223,226,345,348,4,GTTC
NM_066915.4,183,186,345,348,4,GTTC
NM_066915.4,282,285,345,348,4,GTTC
NM_066915.4,267,270,345,348,4,GTTC
NM_066915.4,164,167,197,200,4,TCAA
NM_066915.4,95,98,293,296,4,TCAA
NM_066915.4,128,131,293,296,4,TCAA
NM_066915.4,104,107,293,296,4,TCAA
NM_066915.4,95,98,155,158,4,TCAA
NM_066915.4,128,131,155,158,4,TCAA
NM_066915.4,185,188,197,200,4,TCAA
NM_066915.4,30,33,134,137,4,TCCA
NM_066915.4,30,33,248,251,4,TCCA
NM_066915.4,30,33,203,206,4,TCCA
NM_066915.4,113,117,454,458,5,TCGTG
NM_066915.4,399,403,454,458,5,TCGTG
NM_066915.4,113,117,473,477,5,TCGTG
NM_066915.4,41,45,152,156,5,TCTTC
NM_066915.4,300,304,443,447,5,TCTTC
NM_066915.4,405,409,443,447,5,TCTTC
NM_066915.4,41,45,443,447,5,TCTTC
NM_066915.4,92,96,245,249,5,TGCTC
NM_066915.4,92,96,131,135,5,TGCTC
NM_066915.4,157,161,376,380,5,TTCTG
NM_075619.6,69,72,328,331,4,AAAC
NM_075619.6,69,72,82,85,4,AAAC
NM_075619.6,303,306,347,350,4,AAAG
NM_075619.6,241,244,347,350,4,AAAG
NM_075619.6,200,207,455,462,8,AACTTCTT
NM_075619.6,224,227,348,351,4,AAGA
NM_075619.6,233,236,348,351,4,AAGA
NM_075619.6,464,467,525,528,4,ACAA
NM_075619.6,301,304,525,528,4,ACAA
NM_075619.6,301,304,398,401,4,ACAA
NM_075619.6,248,251,525,528,4,ACAA
NM_075619.6,248,251,398,401,4,ACAA
NM_075619.6,481,484,525,528,4,ACAA
NM_075619.6,215,218,525,528,4,ACAA
NM_075619.6,215,218,398,401,4,ACAA
NM_075619.6,276,278,294,296,3,ACC
NM_075619.6,572,574,618,620,3,ACC
NM_075619.6,276,278,618,620,3,ACC
NM_075619.6,386,388,618,620,3,ACC
NM_075619.6,276,278,320,322,3,ACC
NM_075619.6,572,574,631,633,3,ACC
NM_075619.6,386,388,631,633,3,ACC
NM_075619.6,578,580,631,633,3,ACC
NM_075619.6,359,361,631,633,3,ACC
NM_075619.6,197,200,204,207,4,AGAA
NM_075619.6,197,200,255,258,4,AGAA
NM_075619.6,192,195,255,258,4,AGAA
NM_075619.6,305,307,514,516,3,AGG
NM_075619.6,389,391,514,516,3,AGG
NM_075619.6,229,231,452,454,3,AGG
NM_075619.6,229,231,258,260,3,AGG
NM_075619.6,212,214,258,260,3,AGG
NM_075619.6,209,211,258,260,3,AGG
NM_075619.6,305,307,439,441,3,AGG
NM_075619.6,229,231,439,441,3,AGG
NM_075619.6,212,214,439,441,3,AGG
NM_075619.6,209,211,439,441,3,AGG
NM_075619.6,323,325,439,441,3,AGG
NM_075619.6,188,190,452,454,3,AGG
NM_075619.6,305,307,548,550,3,AGG
NM_075619.6,389,391,548,550,3,AGG
NM_075619.6,229,231,548,550,3,AGG
NM_075619.6,212,214,548,550,3,AGG
NM_075619.6,209,211,548,550,3,AGG
NM_075619.6,323,325,548,550,3,AGG
NM_075619.6,389,391,497,499,3,AGG
NM_075619.6,389,391,528,530,3,AGG
NM_075619.6,188,190,497,499,3,AGG
NM_075619.6,229,231,497,499,3,AGG
NM_075619.6,212,214,497,499,3,AGG
NM_075619.6,209,211,497,499,3,AGG
NM_075619.6,323,325,497,499,3,AGG
NM_075619.6,188,190,528,530,3,AGG
NM_075619.6,229,231,528,530,3,AGG
NM_075619.6,212,214,528,530,3,AGG
NM_075619.6,209,211,528,530,3,AGG
NM_075619.6,323,325,528,530,3,AGG
NM_075619.6,188,190,221,223,3,AGG
NM_075619.6,212,214,221,223,3,AGG
NM_075619.6,209,211,221,223,3,AGG
NM_075619.6,305,307,443,445,3,AGG
NM_075619.6,389,391,443,445,3,AGG
NM_075619.6,305,307,601,603,3,AGG
NM_075619.6,585,587,601,603,3,AGG
NM_075619.6,389,391,601,603,3,AGG
NM_075619.6,188,190,282,284,3,AGG
NM_075619.6,229,231,282,284,3,AGG
NM_075619.6,212,214,282,284,3,AGG
NM_075619.6,209,211,282,284,3,AGG
NM_075619.6,188,190,601,603,3,AGG
NM_075619.6,229,231,601,603,3,AGG
NM_075619.6,212,214,601,603,3,AGG
NM_075619.6,209,211,601,603,3,AGG
NM_075619.6,323,325,601,603,3,AGG
NM_075619.6,494,497,569,572,4,AGTT
NM_075619.6,291,294,582,585,4,AGTT
NM_075619.6,291,294,423,426,4,AGTT
NM_075619.6,39,42,582,585,4,AGTT
NM_075619.6,39,42,161,164,4,AGTT
NM_075619.6,326,329,401,404,4,AGTT
NM_075619.6,326,329,582,585,4,AGTT
NM_075619.6,344,347,401,404,4,AGTT
NM_075619.6,344,347,582,585,4,AGTT
NM_075619.6,326,329,569,572,4,AGTT
NM_075619.6,344,347,569,572,4,AGTT
NM_075619.6,326,329,369,372,4,AGTT
NM_075619.6,344,347,369,372,4,AGTT
NM_075619.6,291,294,544,547,4,AGTT
NM_075619.6,326,329,544,547,4,AGTT
NM_075619.6,344,347,544,547,4,AGTT
NM_075619.6,39,42,544,547,4,AGTT
NM_075619.6,167,169,168,170,3,ATA
NM_075619.6,167,169,396,398,3,ATA
NM_075619.6,395,397,396,398,3,ATA
NM_075619.6,110,113,245,248,4,ATCT
NM_075619.6,143,146,245,248,4,ATCT
NM_075619.6,169,172,245,248,4,ATCT
NM_075619.6,49,52,245,248,4,ATCT
NM_075619.6,134,137,245,248,4,ATCT
NM_075619.6,115,118,351,354,4,ATCT
NM_075619.6,169,172,351,354,4,ATCT
NM_075619.6,49,52,351,354,4,ATCT
NM_075619.6,1,3,577,579,3,ATG
NM_075619.6,315,317,577,579,3,ATG
NM_075619.6,518,520,577,579,3,ATG
NM_075619.6,1,3,358,360,3,ATG
NM_075619.6,285,287,358,360,3,ATG
NM_075619.6,397,399,577,579,3,ATG
NM_075619.6,524,526,577,579,3,ATG
NM_075619.6,218,220,477,479,3,ATT
NM_075619.6,302,305,327,330,4,CAAA
NM_075619.6,302,305,345,348,4,CAAA
NM_075619.6,278,281,327,330,4,CAAA
NM_075619.6,278,281,345,348,4,CAAA
NM_075619.6,162,165,253,256,4,CAAG
NM_075619.6,361,364,526,529,4,CAAG
NM_075619.6,223,226,526,529,4,CAAG
NM_075619.6,232,235,526,529,4,CAAG
NM_075619.6,162,165,526,529,4,CAAG
NM_075619.6,424,427,526,529,4,CAAG
NM_075619.6,361,364,495,498,4,CAAG
NM_075619.6,223,226,495,498,4,CAAG
NM_075619.6,232,235,495,498,4,CAAG
NM_075619.6,361,364,399,402,4,CAAG
NM_075619.6,223,226,399,402,4,CAAG
NM_075619.6,232,235,399,402,4,CAAG
NM_075619.6,162,165,399,402,4,CAAG
NM_075619.6,232,235,297,300,4,CAAG
NM_075619.6,162,165,297,300,4,CAAG
NM_075619.6,504,507,542,545,4,CAAG
NM_075619.6,361,364,542,545,4,CAAG
NM_075619.6,223,226,542,545,4,CAAG
NM_075619.6,162,165,542,545,4,CAAG
NM_075619.6,424,427,542,545,4,CAAG
NM_075619.6,290,297,568,575,8,CAGTTGGG
NM_075619.6,92,94,522,524,3,CAT
NM_075619.6,378,380,522,524,3,CAT
NM_075619.6,166,168,244,246,3,CAT
NM_075619.6,468,470,522,524,3,CAT
NM_075619.6,499,501,522,524,3,CAT
NM_075619.6,284,286,522,524,3,CAT
NM_075619.6,92,94,576,578,3,CAT
NM_075619.6,114,116,576,578,3,CAT
NM_075619.6,105,107,576,578,3,CAT
NM_075619.6,274,276,296,298,3,CCA
NM_075619.6,91,93,175,177,3,CCA
NM_075619.6,91,93,296,298,3,CCA
NM_075619.6,283,285,296,298,3,CCA
NM_075619.6,259,261,295,297,3,CCC
NM_075619.6,95,97,184,186,3,CCG
NM_075619.6,139,141,184,186,3,CCG
NM_075619.6,260,262,619,621,3,CCG
NM_075619.6,410,412,619,621,3,CCG
NM_075619.6,95,97,619,621,3,CCG
NM_075619.6,139,141,619,621,3,CCG
NM_075619.6,515,517,619,621,3,CCG
NM_075619.6,11,13,184,186,3,CCG
NM_075619.6,149,152,178,181,4,CCTC
NM_075619.6,149,152,321,324,4,CCTC
NM_075619.6,149,152,157,160,4,CCTC
NM_075619.6,441,444,586,589,4,CCTC
NM_075619.6,261,263,269,271,3,CGC
NM_075619.6,261,263,383,385,3,CGC
NM_075619.6,474,476,540,542,3,CGC
NM_075619.6,72,74,540,542,3,CGC
NM_075619.6,261,263,507,509,3,CGC
NM_075619.6,96,98,409,411,3,CGG
NM_075619.6,140,142,409,411,3,CGG
NM_075619.6,36,38,409,411,3,CGG
NM_075619.6,312,314,591,593,3,CGG
NM_075619.6,6,8,10,12,3,CGG
NM_075619.6,6,8,409,411,3,CGG
NM_075619.6,96,98,591,593,3,CGG
NM_075619.6,140,142,591,593,3,CGG
NM_075619.6,96,98,273,275,3,CGG
NM_075619.6,140,142,273,275,3,CGG
NM_075619.6,96,98,287,289,3,CGG
NM_075619.6,140,142,287,289,3,CGG
NM_075619.6,6,8,287,289,3,CGG
NM_075619.6,36,38,287,289,3,CGG
NM_075619.6,12,19,487,494,8,CGTTTCTT
NM_075619.6,357,359,599,601,3,CTA
NM_075619.6,357,359,367,369,3,CTA
NM_075619.6,350,352,517,519,3,CTA
NM_075619.6,476,478,599,601,3,CTA
NM_075619.6,47,49,109,111,3,CTA
NM_075619.6,47,49,142,144,3,CTA
NM_075619.6,47,49,314,316,3,CTA
NM_075619.6,47,49,56,58,3,CTA
NM_075619.6,47,49,599,601,3,CTA
NM_075619.6,47,49,367,369,3,CTA
NM_075619.6,47,49,61,63,3,CTA
NM_075619.6,47,49,100,102,3,CTA
NM_075619.6,51,53,109,111,3,CTA
NM_075619.6,51,53,142,144,3,CTA
NM_075619.6,51,53,314,316,3,CTA
NM_075619.6,51,53,56,58,3,CTA
NM_075619.6,51,53,517,519,3,CTA
NM_075619.6,422,425,436,439,4,CTCA
NM_075619.6,422,425,520,523,4,CTCA
NM_075619.6,112,115,436,439,4,CTCA
NM_075619.6,112,115,158,161,4,CTCA
NM_075619.6,112,115,325,328,4,CTCA
NM_075619.6,117,120,520,523,4,CTCA
NM_075619.6,117,120,436,439,4,CTCA
NM_075619.6,117,120,158,161,4,CTCA
NM_075619.6,117,120,325,328,4,CTCA
NM_075619.6,147,152,208,213,6,CTCCTC
NM_075619.6,147,152,322,327,6,CTCCTC
NM_075619.6,145,148,597,600,4,CTCT
NM_075619.6,126,129,587,590,4,CTCT
NM_075619.6,126,129,226,229,4,CTCT
NM_075619.6,171,174,597,600,4,CTCT
NM_075619.6,171,174,587,590,4,CTCT
NM_075619.6,126,129,191,194,4,CTCT
NM_075619.6,150,153,597,600,4,CTCT
NM_075619.6,171,174,191,194,4,CTCT
NM_075619.6,145,148,191,194,4,CTCT
NM_075619.6,150,153,226,229,4,CTCT
NM_075619.6,126,129,412,415,4,CTCT
NM_075619.6,171,174,412,415,4,CTCT
NM_075619.6,145,148,412,415,4,CTCT
NM_075619.6,74,76,124,126,3,CTG
NM_075619.6,375,377,385,387,3,CTG
NM_075619.6,267,269,385,387,3,CTG
NM_075619.6,74,76,427,429,3,CTG
NM_075619.6,74,76,79,81,3,CTG
NM_075619.6,182,184,427,429,3,CTG
NM_075619.6,381,383,385,387,3,CTG
NM_075619.6,128,130,385,387,3,CTG
NM_075619.6,32,34,385,387,3,CTG
NM_075619.6,74,76,502,504,3,CTG
NM_075619.6,182,184,502,504,3,CTG
NM_075619.6,32,34,427,429,3,CTG
NM_075619.6,32,34,79,81,3,CTG
NM_075619.6,405,407,427,429,3,CTG
NM_075619.6,173,175,502,504,3,CTG
NM_075619.6,381,383,502,504,3,CTG
NM_075619.6,128,130,502,504,3,CTG
NM_075619.6,74,76,214,216,3,CTG
NM_075619.6,182,184,214,216,3,CTG
NM_075619.6,173,175,214,216,3,CTG
NM_075619.6,128,130,214,216,3,CTG
NM_075619.6,74,76,247,249,3,CTG
NM_075619.6,182,184,247,249,3,CTG
NM_075619.6,202,207,612,617,6,CTTCTT
NM_075619.6,202,207,609,614,6,CTTCTT
NM_075619.6,152,157,331,336,6,CTTTTG
NM_075619.6,67,72,152,157,6,GAAAAC
NM_075619.6,492,499,580,587,8,GAAGTTCC
NM_075619.6,385,387,405,407,3,GAC
NM_075619.6,214,216,381,383,3,GAC
NM_075619.6,247,249,267,269,3,GAC
NM_075619.6,247,249,375,377,3,GAC
NM_075619.6,214,216,267,269,3,GAC
NM_075619.6,214,216,375,377,3,GAC
NM_075619.6,79,81,182,184,3,GAC
NM_075619.6,79,81,267,269,3,GAC
NM_075619.6,79,81,375,377,3,GAC
NM_075619.6,79,81,405,407,3,GAC
NM_075619.6,124,126,381,383,3,GAC
NM_075619.6,124,126,173,175,3,GAC
NM_075619.6,124,126,182,184,3,GAC
NM_075619.6,77,84,126,133,8,GAGACTTT
NM_075619.6,520,523,555,558,4,GAGT
NM_075619.6,343,346,555,558,4,GAGT
NM_075619.6,158,161,422,425,4,GAGT
NM_075619.6,38,41,112,115,4,GAGT
NM_075619.6,38,41,555,558,4,GAGT
NM_075619.6,325,328,555,558,4,GAGT
NM_075619.6,38,41,117,120,4,GAGT
NM_075619.6,3,5,51,53,3,GAT
NM_075619.6,3,5,47,49,3,GAT
NM_075619.6,314,316,350,352,3,GAT
NM_075619.6,142,144,357,359,3,GAT
NM_075619.6,100,102,357,359,3,GAT
NM_075619.6,61,63,357,359,3,GAT
NM_075619.6,367,369,476,478,3,GAT
NM_075619.6,314,316,476,478,3,GAT
NM_075619.6,142,144,476,478,3,GAT
NM_075619.6,3,5,476,478,3,GAT
NM_075619.6,109,111,476,478,3,GAT
NM_075619.6,56,58,350,352,3,GAT
NM_075619.6,56,58,357,359,3,GAT
NM_075619.6,231,238,252,259,8,GCAAGAAG
NM_075619.6,10,12,36,38,3,GCC
NM_075619.6,10,12,140,142,3,GCC
NM_075619.6,10,12,96,98,3,GCC
NM_075619.6,273,275,312,314,3,GCC
NM_075619.6,185,187,535,537,3,GCG
NM_075619.6,185,187,486,488,3,GCG
NM_075619.6,383,385,535,537,3,GCG
NM_075619.6,269,271,535,537,3,GCG
NM_075619.6,383,385,486,488,3,GCG
NM_075619.6,269,271,486,488,3,GCG
NM_075619.6,390,393,441,444,4,GGAG
NM_075619.6,97,100,441,444,4,GGAG
NM_075619.6,178,181,441,444,4,GGAG
NM_075619.6,76,79,441,444,4,GGAG
NM_075619.6,324,327,441,444,4,GGAG
NM_075619.6,37,40,149,152,4,GGAG
NM_075619.6,37,40,441,444,4,GGAG
NM_075619.6,157,160,441,444,4,GGAG
NM_075619.6,230,232,260,262,3,GGC
NM_075619.6,184,186,574,576,3,GGC
NM_075619.6,184,186,515,517,3,GGC
NM_075619.6,230,232,410,412,3,GGC
NM_075619.6,184,186,410,412,3,GGC
NM_075619.6,189,191,573,575,3,GGG
NM_075619.6,189,191,288,290,3,GGG
NM_075619.6,295,297,440,442,3,GGG
NM_075619.6,7,9,283,285,3,GGT
NM_075619.6,7,9,602,604,3,GGT
NM_075619.6,7,9,498,500,3,GGT
NM_075619.6,7,9,91,93,3,GGT
NM_075619.6,7,9,289,291,3,GGT
NM_075619.6,7,9,387,389,3,GGT
NM_075619.6,175,177,283,285,3,GGT
NM_075619.6,175,177,602,604,3,GGT
NM_075619.6,175,177,498,500,3,GGT
NM_075619.6,175,177,592,594,3,GGT
NM_075619.6,175,177,289,291,3,GGT
NM_075619.6,7,9,222,224,3,GGT
NM_075619.6,7,9,444,446,3,GGT
NM_075619.6,175,177,222,224,3,GGT
NM_075619.6,175,177,444,446,3,GGT
NM_075619.6,296,298,529,531,3,GGT
NM_075619.6,296,298,602,604,3,GGT
NM_075619.6,296,298,498,500,3,GGT
NM_075619.6,296,298,592,594,3,GGT
NM_075619.6,7,9,550,552,3,GGT
NM_075619.6,296,298,387,389,3,GGT
NM_075619.6,175,177,550,552,3,GGT
NM_075619.6,21,23,529,531,3,GGT
NM_075619.6,21,23,283,285,3,GGT
NM_075619.6,21,23,602,604,3,GGT
NM_075619.6,21,23,498,500,3,GGT
NM_075619.6,21,23,91,93,3,GGT
NM_075619.6,7,9,360,362,3,GGT
NM_075619.6,7,9,277,279,3,GGT
NM_075619.6,21,23,274,276,3,GGT
NM_075619.6,21,23,592,594,3,GGT
NM_075619.6,21,23,289,291,3,GGT
NM_075619.6,576,578,593,595,3,GTA
NM_075619.6,576,578,625,627,3,GTA
NM_075619.6,244,246,284,286,3,GTA
NM_075619.6,244,246,603,605,3,GTA
NM_075619.6,244,246,499,501,3,GTA
NM_075619.6,244,246,593,595,3,GTA
NM_075619.6,244,246,468,470,3,GTA
NM_075619.6,244,246,625,627,3,GTA
NM_075619.6,522,524,603,605,3,GTA
NM_075619.6,522,524,593,595,3,GTA
NM_075619.6,522,524,625,627,3,GTA
NM_075619.6,244,246,394,396,3,GTA
NM_075619.6,244,246,263,265,3,GTA
NM_075619.6,542,545,583,586,4,GTTC
NM_075619.6,297,300,583,586,4,GTTC
NM_075619.6,399,402,583,586,4,GTTC
NM_075619.6,495,498,537,540,4,GTTC
NM_075619.6,297,300,537,540,4,GTTC
NM_075619.6,526,529,537,540,4,GTTC
NM_075619.6,399,402,537,540,4,GTTC
NM_075619.6,495,498,551,554,4,GTTC
NM_075619.6,542,545,551,554,4,GTTC
NM_075619.6,526,529,551,554,4,GTTC
NM_075619.6,399,402,551,554,4,GTTC
NM_075619.6,495,498,504,507,4,GTTC
NM_075619.6,297,300,504,507,4,GTTC
NM_075619.6,297,300,424,427,4,GTTC
NM_075619.6,399,402,424,427,4,GTTC
NM_075619.6,253,256,583,586,4,GTTC
NM_075619.6,253,256,551,554,4,GTTC
NM_075619.6,253,256,361,364,4,GTTC
NM_075619.6,253,256,504,507,4,GTTC
NM_075619.6,85,88,162,165,4,GTTC
NM_075619.6,85,88,583,586,4,GTTC
NM_075619.6,85,88,537,540,4,GTTC
NM_075619.6,85,88,551,554,4,GTTC
NM_075619.6,85,88,361,364,4,GTTC
NM_075619.6,327,330,488,491,4,GTTT
NM_075619.6,327,330,564,567,4,GTTT
NM_075619.6,345,348,621,624,4,GTTT
NM_075619.6,345,348,488,491,4,GTTT
NM_075619.6,345,348,564,567,4,GTTT
NM_075619.6,327,330,445,448,4,GTTT
NM_075619.6,22,25,621,624,4,GTTT
NM_075619.6,22,25,488,491,4,GTTT
NM_075619.6,13,16,445,448,4,GTTT
NM_075619.6,22,25,564,567,4,GTTT
NM_075619.6,22,25,302,305,4,GTTT
NM_075619.6,13,16,278,281,4,GTTT
NM_075619.6,477,479,626,628,3,TAA
NM_075619.6,358,360,524,526,3,TAC
NM_075619.6,358,360,397,399,3,TAC
NM_075619.6,358,360,604,606,3,TAC
NM_075619.6,358,360,469,471,3,TAC
NM_075619.6,265,267,315,317,3,TAC
NM_075619.6,265,267,285,287,3,TAC
NM_075619.6,265,267,604,606,3,TAC
NM_075619.6,265,267,469,471,3,TAC
NM_075619.6,265,267,617,619,3,TAC
NM_075619.6,358,360,500,502,3,TAC
NM_075619.6,30,32,53,55,3,TAC
NM_075619.6,30,32,524,526,3,TAC
NM_075619.6,30,32,397,399,3,TAC
NM_075619.6,30,32,315,317,3,TAC
NM_075619.6,30,32,285,287,3,TAC
NM_075619.6,30,32,604,606,3,TAC
NM_075619.6,30,32,469,471,3,TAC
NM_075619.6,351,354,379,382,4,TAGA
NM_075619.6,59,62,169,172,4,TAGA
NM_075619.6,59,62,143,146,4,TAGA
NM_075619.6,59,62,110,113,4,TAGA
NM_075619.6,59,62,115,118,4,TAGA
NM_075619.6,59,62,379,382,4,TAGA
NM_075619.6,168,170,395,397,3,TAT
NM_075619.6,48,50,395,397,3,TAT
NM_075619.6,48,50,167,169,3,TAT
NM_075619.6,52,54,395,397,3,TAT
NM_075619.6,52,54,167,169,3,TAT
NM_075619.6,168,170,264,266,3,TAT
NM_075619.6,48,50,264,266,3,TAT
NM_075619.6,161,164,344,347,4,TCAA
NM_075619.6,161,164,326,329,4,TCAA
NM_075619.6,369,372,494,497,4,TCAA
NM_075619.6,90,92,188,190,3,TCC
NM_075619.6,94,96,188,190,3,TCC
NM_075619.6,221,223,229,231,3,TCC
NM_075619.6,90,92,229,231,3,TCC
NM_075619.6,138,140,188,190,3,TCC
NM_075619.6,94,96,323,325,3,TCC
NM_075619.6,282,284,323,325,3,TCC
NM_075619.6,94,96,209,211,3,TCC
NM_075619.6,94,96,212,214,3,TCC
NM_075619.6,138,140,323,325,3,TCC
NM_075619.6,258,260,323,325,3,TCC
NM_075619.6,221,223,323,325,3,TCC
NM_075619.6,90,92,323,325,3,TCC
NM_075619.6,138,140,209,211,3,TCC
NM_075619.6,90,92,209,211,3,TCC
NM_075619.6,138,140,212,214,3,TCC
NM_075619.6,90,92,212,214,3,TCC
NM_075619.6,94,96,389,391,3,TCC
NM_075619.6,282,284,389,391,3,TCC
NM_075619.6,138,140,389,391,3,TCC
NM_075619.6,258,260,389,391,3,TCC
NM_075619.6,221,223,389,391,3,TCC
NM_075619.6,90,92,389,391,3,TCC
NM_075619.6,94,96,585,587,3,TCC
NM_075619.6,548,550,585,587,3,TCC
NM_075619.6,282,284,585,587,3,TCC
NM_075619.6,94,96,305,307,3,TCC
NM_075619.6,282,284,305,307,3,TCC
NM_075619.6,514,516,585,587,3,TCC
NM_075619.6,443,445,585,587,3,TCC
NM_075619.6,439,441,585,587,3,TCC
NM_075619.6,116,119,227,230,4,TCTC
NM_075619.6,111,114,227,230,4,TCTC
NM_075619.6,146,149,342,345,4,TCTC
NM_075619.6,144,147,227,230,4,TCTC
NM_075619.6,170,173,227,230,4,TCTC
NM_075619.6,144,147,342,345,4,TCTC
NM_075619.6,170,173,342,345,4,TCTC
NM_075619.6,116,119,225,228,4,TCTC
NM_075619.6,111,114,225,228,4,TCTC
NM_075619.6,146,149,225,228,4,TCTC
NM_075619.6,144,147,588,591,4,TCTC
NM_075619.6,170,173,588,591,4,TCTC
NM_075619.6,116,119,588,591,4,TCTC
NM_075619.6,111,114,588,591,4,TCTC
NM_075619.6,135,139,491,495,5,TCTTC
NM_075619.6,135,139,234,238,5,TCTTC
NM_075619.6,135,139,608,612,5,TCTTC
NM_075619.6,87,91,608,612,5,TCTTC
NM_075619.6,255,259,608,612,5,TCTTC
NM_075619.6,135,139,611,615,5,TCTTC
NM_075619.6,135,139,417,421,5,TCTTC
NM_075619.6,16,21,352,357,6,TCTTTG
NM_075619.6,16,21,197,202,6,TCTTTG
NM_075619.6,54,56,572,574,3,TGG
NM_075619.6,294,296,578,580,3,TGG
NM_075619.6,183,185,572,574,3,TGG
NM_075619.6,75,77,572,574,3,TGG
NM_075619.6,177,179,572,574,3,TGG
NM_075619.6,183,185,359,361,3,TGG
NM_075619.6,75,77,359,361,3,TGG
NM_075619.6,177,179,359,361,3,TGG
NM_075619.6,294,296,359,361,3,TGG
NM_075619.6,65,67,359,361,3,TGG
NM_075619.6,320,322,359,361,3,TGG
NM_075619.6,156,158,359,361,3,TGG
NM_075619.6,54,56,386,388,3,TGG
NM_075619.6,174,176,578,580,3,TGG
NM_075619.6,177,179,386,388,3,TGG
NM_075619.6,294,296,386,388,3,TGG
NM_075619.6,65,67,386,388,3,TGG
NM_075619.6,320,322,386,388,3,TGG
NM_075619.6,156,158,386,388,3,TGG
NM_075619.6,174,176,572,574,3,TGG
NM_075619.6,54,56,276,278,3,TGG
NM_075619.6,183,185,276,278,3,TGG
NM_075619.6,75,77,276,278,3,TGG
NM_075619.6,65,67,276,278,3,TGG
NM_075619.6,156,158,276,278,3,TGG
NM_075619.6,20,22,578,580,3,TGG
NM_075619.6,398,401,481,484,4,TGTT
NM_075619.6,84,87,215,218,4,TGTT
NM_075619.6,84,87,481,484,4,TGTT
NM_075619.6,84,87,248,251,4,TGTT
NM_075619.6,398,401,464,467,4,TGTT
NM_075619.6,398,401,563,566,4,TGTT
NM_075619.6,525,528,563,566,4,TGTT
NM_075619.6,84,87,563,566,4,TGTT
NM_075619.6,84,87,301,304,4,TGTT
NM_075619.6,58,60,616,618,3,TTA
NM_075619.6,29,31,483,485,3,TTA
NM_075619.6,29,31,546,548,3,TTA
NM_075619.6,58,60,217,219,3,TTA
NM_075619.6,29,31,217,219,3,TTA
NM_075619.6,86,91,490,495,6,TTCTTC
NM_075619.6,254,259,490,495,6,TTCTTC
NM_075619.6,86,91,610,615,6,TTCTTC
NM_075619.6,254,259,610,615,6,TTCTTC
NM_075619.6,86,91,416,421,6,TTCTTC
NM_075619.6,254,259,416,421,6,TTCTTC
NM_075619.6,25,30,458,463,6,TTCTTT
NM_075619.6,15,20,458,463,6,TTCTTT
NM_075619.6,107,109,250,252,3,TTG
NM_075619.6,206,208,250,252,3,TTG
NM_075619.6,41,43,200,202,3,TTG
NM_075619.6,41,43,355,357,3,TTG
NM_075619.6,319,321,403,405,3,TTG
NM_075619.6,319,321,355,357,3,TTG
NM_075619.6,107,109,571,573,3,TTG
NM_075619.6,455,457,571,573,3,TTG
NM_075619.6,206,208,571,573,3,TTG
NM_075619.6,329,331,571,573,3,TTG
NM_075619.6,293,295,355,357,3,TTG
NM_075619.6,64,66,250,252,3,TTG
NM_075619.6,64,66,403,405,3,TTG
NM_075619.6,155,157,250,252,3,TTG
NM_075619.6,155,157,403,405,3,TTG
NM_075619.6,19,21,250,252,3,TTG
NM_075619.6,19,21,403,405,3,TTG
NM_075619.6,319,321,478,480,3,TTG
NM_075619.6,455,457,478,480,3,TTG
NM_075619.6,206,208,478,480,3,TTG
NM_075619.6,293,295,478,480,3,TTG
NM_075619.6,41,43,478,480,3,TTG
NM_075619.6,64,66,478,480,3,TTG
NM_075619.6,155,157,478,480,3,TTG
NM_075619.6,19,21,478,480,3,TTG
NM_075619.6,329,331,478,480,3,TTG
NM_075619.6,107,109,194,196,3,TTG
NM_075619.6,107,109,308,310,3,TTG
NM_075619.6,41,43,194,196,3,TTG
NM_075619.6,293,295,308,310,3,TTG
NM_075619.6,41,43,308,310,3,TTG
NM_075619.6,64,66,194,196,3,TTG
NM_075619.6,155,157,194,196,3,TTG
NM_075619.6,19,21,194,196,3,TTG
NM_075619.6,64,66,308,310,3,TTG
NM_075619.6,155,157,308,310,3,TTG
NM_075619.6,19,21,308,310,3,TTG
NM_075619.6,107,109,466,468,3,TTG
NM_075619.6,107,109,371,373,3,TTG
NM_075619.6,319,321,466,468,3,TTG
NM_075619.6,455,457,466,468,3,TTG
NM_075619.6,206,208,466,468,3,TTG
NM_075619.6,319,321,371,373,3,TTG
NM_075619.6,206,208,371,373,3,TTG
NM_075619.6,64,66,466,468,3,TTG
NM_075619.6,155,157,466,468,3,TTG
NM_075619.6,19,21,466,468,3,TTG
NM_075619.6,329,331,466,468,3,TTG
NM_075619.6,64,66,371,373,3,TTG
NM_075619.6,155,157,371,373,3,TTG
NM_075619.6,19,21,371,373,3,TTG
NM_075619.6,329,331,371,373,3,TTG
NM_075619.6,595,597,623,625,3,TTG
NM_075619.6,107,109,623,625,3,TTG
NM_075619.6,107,109,334,336,3,TTG
NM_075619.6,107,109,463,465,3,TTG
NM_075619.6,319,321,623,625,3,TTG
NM_075619.6,455,457,623,625,3,TTG
NM_075619.6,206,208,623,625,3,TTG
NM_075619.6,319,321,334,336,3,TTG
NM_075619.6,206,208,334,336,3,TTG
NM_075619.6,319,321,463,465,3,TTG
NM_075619.6,455,457,463,465,3,TTG
NM_075619.6,206,208,463,465,3,TTG
NM_075619.6,293,295,623,625,3,TTG
NM_075619.6,41,43,623,625,3,TTG
NM_075619.6,293,295,334,336,3,TTG
NM_075619.6,41,43,334,336,3,TTG
NM_075619.6,83,85,571,573,3,TTG
NM_075619.6,83,85,250,252,3,TTG
NM_075619.6,83,85,403,405,3,TTG
NM_075619.6,293,295,463,465,3,TTG
NM_075619.6,41,43,463,465,3,TTG
NM_075619.6,14,19,415,420,6,TTTCTT
NM_075619.6,24,29,415,420,6,TTTCTT
NM_075619.6,24,29,489,494,6,TTTCTT
NM_075619.6,63,66,199,202,4,TTTG
NM_075619.6,63,66,354,357,4,TTTG
NM_075619.6,154,157,199,202,4,TTTG
NM_075619.6,154,157,354,357,4,TTTG
NM_075619.6,63,66,622,625,4,TTTG
NM_075619.6,18,21,622,625,4,TTTG
NM_075619.6,154,157,622,625,4,TTTG
NM_075619.6,63,66,333,336,4,TTTG
NM_075619.6,63,66,462,465,4,TTTG
NM_075619.6,18,21,333,336,4,TTTG
NM_075619.6,18,21,462,465,4,TTTG
NM_075619.6,328,331,333,336,4,TTTG
NM_075619.6,328,331,462,465,4,TTTG
NM_075619.6,63,66,69,72,4,TTTG
NM_075619.6,18,21,69,72,4,TTTG
NM_062602.2,66,70,392,396,5,AAAAA
NM_062602.2,67,71,392,396,5,AAAAA
NM_062602.2,335,339,392,396,5,AAAAA
NM_062602.2,263,267,394,398,5,AAACA
NM_062602.2,61,65,394,398,5,AAACA
NM_062602.2,62,66,287,291,5,AACAA
NM_062602.2,70,74,239,243,5,AAGAA
NM_062602.2,177,181,239,243,5,AAGAA
NM_062602.2,218,221,277,280,4,AAGC
NM_062602.2,218,221,481,484,4,AAGC
NM_062602.2,163,166,481,484,4,AAGC
NM_062602.2,109,112,277,280,4,AAGC
NM_062602.2,109,112,481,484,4,AAGC
NM_062602.2,218,221,448,451,4,AAGC
NM_062602.2,443,446,448,451,4,AAGC
NM_062602.2,163,166,448,451,4,AAGC
NM_062602.2,109,112,320,323,4,AAGC
NM_062602.2,218,221,320,323,4,AAGC
NM_062602.2,163,166,320,323,4,AAGC
NM_062602.2,73,77,463,467,5,AAGGA
NM_062602.2,55,57,242,244,3,AAT
NM_062602.2,191,193,242,244,3,AAT
NM_062602.2,63,66,425,428,4,ACAA
NM_062602.2,173,176,425,428,4,ACAA
NM_062602.2,189,192,425,428,4,ACAA
NM_062602.2,189,192,288,291,4,ACAA
NM_062602.2,173,176,288,291,4,ACAA
NM_062602.2,227,229,352,354,3,ACC
NM_062602.2,183,185,380,382,3,ACC
NM_062602.2,227,229,380,382,3,ACC
NM_062602.2,183,185,200,202,3,ACC
NM_062602.2,183,185,340,342,3,ACC
NM_062602.2,227,229,340,342,3,ACC
NM_062602.2,303,305,380,382,3,ACC
NM_062602.2,303,305,543,545,3,ACC
NM_062602.2,303,305,340,342,3,ACC
NM_062602.2,303,305,352,354,3,ACC
NM_062602.2,363,365,398,400,3,ACT
NM_062602.2,147,149,159,161,3,ACT
NM_062602.2,363,365,494,496,3,ACT
NM_062602.2,147,149,494,496,3,ACT
NM_062602.2,48,50,516,518,3,ACT
NM_062602.2,48,50,402,404,3,ACT
NM_062602.2,48,50,269,271,3,ACT
NM_062602.2,48,50,291,293,3,ACT
NM_062602.2,48,50,494,496,3,ACT
NM_062602.2,48,50,398,400,3,ACT
NM_062602.2,48,50,159,161,3,ACT
NM_062602.2,48,50,245,247,3,ACT
NM_062602.2,147,149,209,211,3,ACT
NM_062602.2,153,157,275,279,5,AGAAG
NM_062602.2,150,154,275,279,5,AGAAG
NM_062602.2,161,165,237,241,5,AGAAG
NM_062602.2,71,75,419,423,5,AGAAG
NM_062602.2,71,75,275,279,5,AGAAG
NM_062602.2,71,75,237,241,5,AGAAG
NM_062602.2,153,157,419,423,5,AGAAG
NM_062602.2,161,165,419,423,5,AGAAG
NM_062602.2,128,130,487,489,3,AGG
NM_062602.2,140,142,487,489,3,AGG
NM_062602.2,10,12,487,489,3,AGG
NM_062602.2,233,235,487,489,3,AGG
NM_062602.2,212,214,294,296,3,AGG
NM_062602.2,258,260,294,296,3,AGG
NM_062602.2,74,76,294,296,3,AGG
NM_062602.2,74,76,82,84,3,AGG
NM_062602.2,128,130,294,296,3,AGG
NM_062602.2,140,142,294,296,3,AGG
NM_062602.2,10,12,294,296,3,AGG
NM_062602.2,233,235,294,296,3,AGG
NM_062602.2,10,12,82,84,3,AGG
NM_062602.2,412,414,487,489,3,AGG
NM_062602.2,412,414,464,466,3,AGG
NM_062602.2,5,7,39,41,3,AGT
NM_062602.2,122,124,422,424,3,AGT
NM_062602.2,205,207,375,377,3,AGT
NM_062602.2,122,124,536,538,3,AGT
NM_062602.2,122,124,428,430,3,AGT
NM_062602.2,85,87,329,331,3,AGT
NM_062602.2,85,87,422,424,3,AGT
NM_062602.2,5,7,250,252,3,AGT
NM_062602.2,205,207,250,252,3,AGT
NM_062602.2,122,124,250,252,3,AGT
NM_062602.2,85,87,375,377,3,AGT
NM_062602.2,5,7,360,362,3,AGT
NM_062602.2,205,207,360,362,3,AGT
NM_062602.2,285,287,329,331,3,AGT
NM_062602.2,285,287,422,424,3,AGT
NM_062602.2,285,287,375,377,3,AGT
NM_062602.2,349,351,350,352,3,ATA
NM_062602.2,41,43,243,245,3,ATA
NM_062602.2,41,43,80,82,3,ATA
NM_062602.2,41,43,42,44,3,ATA
NM_062602.2,41,43,350,352,3,ATA
NM_062602.2,41,43,318,320,3,ATA
NM_062602.2,317,319,350,352,3,ATA
NM_062602.2,317,319,318,320,3,ATA
NM_062602.2,297,299,411,413,3,ATC
NM_062602.2,308,310,411,413,3,ATC
NM_062602.2,357,359,411,413,3,ATC
NM_062602.2,77,79,411,413,3,ATC
NM_062602.2,383,385,411,413,3,ATC
NM_062602.2,197,199,411,413,3,ATC
NM_062602.2,236,238,411,413,3,ATC
NM_062602.2,43,45,149,151,3,ATC
NM_062602.2,81,83,149,151,3,ATC
NM_062602.2,374,376,411,413,3,ATC
NM_062602.2,1,3,88,90,3,ATG
NM_062602.2,1,3,367,369,3,ATG
NM_062602.2,339,341,367,369,3,ATG
NM_062602.2,351,353,367,369,3,ATG
NM_062602.2,116,118,367,369,3,ATG
NM_062602.2,208,210,367,369,3,ATG
NM_062602.2,244,246,367,369,3,ATG
NM_062602.2,192,194,372,374,3,ATT
NM_062602.2,192,194,408,410,3,ATT
NM_062602.2,267,269,372,374,3,ATT
NM_062602.2,267,269,408,410,3,ATT
NM_062602.2,400,402,408,410,3,ATT
NM_062602.2,18,20,60,62,3,ATT
NM_062602.2,22,24,372,374,3,ATT
NM_062602.2,22,24,408,410,3,ATT
NM_062602.2,388,397,426,435,10,CAAGTTTTTG
NM_062602.2,262,264,289,291,3,CAA
NM_062602.2,222,224,289,291,3,CAA
NM_062602.2,215,217,289,291,3,CAA
NM_062602.2,251,253,289,291,3,CAA
NM_062602.2,301,303,391,393,3,CAA
NM_062602.2,64,66,286,288,3,CAA
NM_062602.2,174,176,286,288,3,CAA
NM_062602.2,262,264,286,288,3,CAA
NM_062602.2,222,224,286,288,3,CAA
NM_062602.2,215,217,286,288,3,CAA
NM_062602.2,361,363,484,486,3,CAA
NM_062602.2,262,264,426,428,3,CAA
NM_062602.2,222,224,426,428,3,CAA
NM_062602.2,475,477,484,486,3,CAA
NM_062602.2,442,444,484,486,3,CAA
NM_062602.2,301,303,426,428,3,CAA
NM_062602.2,215,217,426,428,3,CAA
NM_062602.2,346,348,426,428,3,CAA
NM_062602.2,361,363,426,428,3,CAA
NM_062602.2,251,253,426,428,3,CAA
NM_062602.2,64,66,327,329,3,CAA
NM_062602.2,174,176,327,329,3,CAA
NM_062602.2,262,264,327,329,3,CAA
NM_062602.2,222,224,327,329,3,CAA
NM_062602.2,251,253,327,329,3,CAA
NM_062602.2,388,390,391,393,3,CAA
NM_062602.2,369,371,484,486,3,CAA
NM_062602.2,190,192,327,329,3,CAA
NM_062602.2,190,192,484,486,3,CAA
NM_062602.2,369,371,391,393,3,CAA
NM_062602.2,190,192,286,288,3,CAA
NM_062602.2,190,192,391,393,3,CAA
NM_062602.2,54,56,426,428,3,CAA
NM_062602.2,54,56,289,291,3,CAA
NM_062602.2,54,56,327,329,3,CAA
NM_062602.2,54,56,484,486,3,CAA
NM_062602.2,54,56,286,288,3,CAA
NM_062602.2,54,56,391,393,3,CAA
NM_062602.2,355,357,426,428,3,CAA
NM_062602.2,355,357,391,393,3,CAA
NM_062602.2,64,66,86,88,3,CAA
NM_062602.2,167,169,249,251,3,CAG
NM_062602.2,92,94,280,282,3,CAG
NM_062602.2,84,86,280,282,3,CAG
NM_062602.2,167,169,280,282,3,CAG
NM_062602.2,21,23,114,116,3,CAT
NM_062602.2,229,231,353,355,3,CCG
NM_062602.2,229,231,544,546,3,CCG
NM_062602.2,184,186,414,416,3,CCG
NM_062602.2,184,186,213,215,3,CCG
NM_062602.2,184,186,259,261,3,CCG
NM_062602.2,488,490,544,546,3,CCG
NM_062602.2,27,29,195,197,3,CCT
NM_062602.2,27,29,381,383,3,CCT
NM_062602.2,27,29,126,128,3,CCT
NM_062602.2,27,29,283,285,3,CCT
NM_062602.2,27,29,231,233,3,CCT
NM_062602.2,27,29,99,101,3,CCT
NM_062602.2,27,29,436,438,3,CCT
NM_062602.2,27,29,315,317,3,CCT
NM_062602.2,27,29,201,203,3,CCT
NM_062602.2,27,29,105,107,3,CCT
NM_062602.2,27,29,333,335,3,CCT
NM_062602.2,465,467,520,522,3,CCT
NM_062602.2,185,187,526,528,3,CGC
NM_062602.2,322,324,526,528,3,CGC
NM_062602.2,299,301,526,528,3,CGC
NM_062602.2,378,380,445,447,3,CGT
NM_062602.2,378,380,545,547,3,CGT
NM_062602.2,378,380,454,456,3,CGT
NM_062602.2,279,281,387,389,3,CGT
NM_062602.2,326,328,445,447,3,CGT
NM_062602.2,279,281,354,356,3,CGT
NM_062602.2,279,281,545,547,3,CGT
NM_062602.2,279,281,300,302,3,CGT
NM_062602.2,279,281,345,347,3,CGT
NM_062602.2,148,156,235,243,9,CTAGAAGAA
NM_062602.2,35,39,495,499,5,CTGCT
NM_062602.2,35,39,403,407,5,CTGCT
NM_062602.2,35,39,142,146,5,CTGCT
NM_062602.2,420,423,502,505,4,CTTC
NM_062602.2,420,423,451,454,4,CTTC
NM_062602.2,276,279,502,505,4,CTTC
NM_062602.2,276,279,490,493,4,CTTC
NM_062602.2,276,279,528,531,4,CTTC
NM_062602.2,420,423,528,531,4,CTTC
NM_062602.2,238,241,451,454,4,CTTC
NM_062602.2,238,241,502,505,4,CTTC
NM_062602.2,238,241,490,493,4,CTTC
NM_062602.2,513,516,549,552,4,CTTT
NM_062602.2,513,516,531,534,4,CTTT
NM_062602.2,466,469,471,474,4,CTTT
NM_062602.2,466,469,549,552,4,CTTT
NM_062602.2,466,469,531,534,4,CTTT
NM_062602.2,179,182,513,516,4,GAAA
NM_062602.2,334,337,513,516,4,GAAA
NM_062602.2,130,133,513,516,4,GAAA
NM_062602.2,106,109,513,516,4,GAAA
NM_062602.2,255,258,513,516,4,GAAA
NM_062602.2,255,258,466,469,4,GAAA
NM_062602.2,202,205,513,516,4,GAAA
NM_062602.2,459,462,513,516,4,GAAA
NM_062602.2,459,462,466,469,4,GAAA
NM_062602.2,118,121,276,279,4,GAAG
NM_062602.2,210,213,276,279,4,GAAG
NM_062602.2,210,213,238,241,4,GAAG
NM_062602.2,210,213,420,423,4,GAAG
NM_062602.2,118,121,420,423,4,GAAG
NM_062602.2,3,6,276,279,4,GAAG
NM_062602.2,3,6,238,241,4,GAAG
NM_062602.2,136,139,524,527,4,GACG
NM_062602.2,403,406,524,527,4,GACG
NM_062602.2,495,498,524,527,4,GACG
NM_062602.2,12,15,35,38,4,GACG
NM_062602.2,517,520,524,527,4,GACG
NM_062602.2,136,139,385,388,4,GACG
NM_062602.2,12,15,385,388,4,GACG
NM_062602.2,342,345,385,388,4,GACG
NM_062602.2,142,145,385,388,4,GACG
NM_062602.2,76,80,148,152,5,GATCT
NM_062602.2,214,216,279,281,3,GCA
NM_062602.2,345,347,378,380,3,GCA
NM_062602.2,300,302,378,380,3,GCA
NM_062602.2,214,216,378,380,3,GCA
NM_062602.2,354,356,378,380,3,GCA
NM_062602.2,97,99,310,312,3,GCG
NM_062602.2,97,99,299,301,3,GCG
NM_062602.2,46,48,465,467,3,GGA
NM_062602.2,341,343,465,467,3,GGA
NM_062602.2,129,131,523,525,3,GGA
NM_062602.2,333,335,523,525,3,GGA
NM_062602.2,436,438,465,467,3,GGA
NM_062602.2,99,101,465,467,3,GGA
NM_062602.2,231,233,465,467,3,GGA
NM_062602.2,283,285,465,467,3,GGA
NM_062602.2,436,438,523,525,3,GGA
NM_062602.2,99,101,523,525,3,GGA
NM_062602.2,231,233,523,525,3,GGA
NM_062602.2,283,285,523,525,3,GGA
NM_062602.2,126,128,465,467,3,GGA
NM_062602.2,126,128,523,525,3,GGA
NM_062602.2,8,10,27,29,3,GGA
NM_062602.2,8,10,465,467,3,GGA
NM_062602.2,75,77,523,525,3,GGA
NM_062602.2,234,236,523,525,3,GGA
NM_062602.2,315,317,465,467,3,GGA
NM_062602.2,315,317,523,525,3,GGA
NM_062602.2,381,383,465,467,3,GGA
NM_062602.2,195,197,465,467,3,GGA
NM_062602.2,259,261,325,327,3,GGC
NM_062602.2,213,215,229,231,3,GGC
NM_062602.2,414,416,488,490,3,GGC
NM_062602.2,353,355,488,490,3,GGC
NM_062602.2,125,127,324,326,3,GGG
NM_062602.2,15,17,83,85,3,GGT
NM_062602.2,15,17,304,306,3,GGT
NM_062602.2,206,208,446,448,3,GTA
NM_062602.2,206,208,417,419,3,GTA
NM_062602.2,206,208,296,298,3,GTA
NM_062602.2,206,208,266,268,3,GTA
NM_062602.2,16,18,21,23,3,GTA
NM_062602.2,16,18,446,448,3,GTA
NM_062602.2,16,18,266,268,3,GTA
NM_062602.2,114,116,446,448,3,GTA
NM_062602.2,114,116,417,419,3,GTA
NM_062602.2,114,116,296,298,3,GTA
NM_062602.2,16,18,423,425,3,GTA
NM_062602.2,114,116,423,425,3,GTA
NM_062602.2,249,251,305,307,3,GTC
NM_062602.2,280,282,305,307,3,GTC
NM_062602.2,280,282,508,510,3,GTC
NM_062602.2,86,88,388,390,3,GTT
NM_062602.2,86,88,546,548,3,GTT
NM_062602.2,58,60,388,390,3,GTT
NM_062602.2,30,32,388,390,3,GTT
NM_062602.2,327,329,369,371,3,GTT
NM_062602.2,58,60,546,548,3,GTT
NM_062602.2,30,32,546,548,3,GTT
NM_062602.2,86,88,442,444,3,GTT
NM_062602.2,86,88,475,477,3,GTT
NM_062602.2,327,329,361,363,3,GTT
NM_062602.2,286,288,388,390,3,GTT
NM_062602.2,286,288,546,548,3,GTT
NM_062602.2,286,288,355,357,3,GTT
NM_062602.2,58,60,361,363,3,GTT
NM_062602.2,30,32,361,363,3,GTT
NM_062602.2,286,288,442,444,3,GTT
NM_062602.2,286,288,475,477,3,GTT
NM_062602.2,286,288,369,371,3,GTT
NM_062602.2,86,88,301,303,3,GTT
NM_062602.2,58,60,301,303,3,GTT
NM_062602.2,30,32,301,303,3,GTT
NM_062602.2,289,291,388,390,3,GTT
NM_062602.2,289,291,546,548,3,GTT
NM_062602.2,289,291,355,357,3,GTT
NM_062602.2,327,329,537,539,3,GTT
NM_062602.2,327,329,429,431,3,GTT
NM_062602.2,391,393,546,548,3,GTT
NM_062602.2,58,60,251,253,3,GTT
NM_062602.2,30,32,251,253,3,GTT
NM_062602.2,289,291,537,539,3,GTT
NM_062602.2,426,428,537,539,3,GTT
NM_062602.2,58,60,537,539,3,GTT
NM_062602.2,30,32,537,539,3,GTT
NM_062602.2,289,291,429,431,3,GTT
NM_062602.2,426,428,429,431,3,GTT
NM_062602.2,58,60,429,431,3,GTT
NM_062602.2,30,32,429,431,3,GTT
NM_062602.2,391,393,442,444,3,GTT
NM_062602.2,391,393,475,477,3,GTT
NM_062602.2,286,288,346,348,3,GTT
NM_062602.2,86,88,346,348,3,GTT
NM_062602.2,286,288,455,457,3,GTT
NM_062602.2,86,88,455,457,3,GTT
NM_062602.2,86,88,215,217,3,GTT
NM_062602.2,289,291,346,348,3,GTT
NM_062602.2,58,60,346,348,3,GTT
NM_062602.2,30,32,346,348,3,GTT
NM_062602.2,289,291,455,457,3,GTT
NM_062602.2,426,428,455,457,3,GTT
NM_062602.2,58,60,455,457,3,GTT
NM_062602.2,30,32,455,457,3,GTT
NM_062602.2,58,60,215,217,3,GTT
NM_062602.2,30,32,215,217,3,GTT
NM_062602.2,86,88,222,224,3,GTT
NM_062602.2,86,88,262,264,3,GTT
NM_062602.2,58,60,222,224,3,GTT
NM_062602.2,30,32,222,224,3,GTT
NM_062602.2,58,60,262,264,3,GTT
NM_062602.2,30,32,262,264,3,GTT
NM_062602.2,86,88,174,176,3,GTT
NM_062602.2,60,62,400,402,3,TAA
NM_062602.2,60,62,267,269,3,TAA
NM_062602.2,60,62,319,321,3,TAA
NM_062602.2,60,62,447,449,3,TAA
NM_062602.2,372,374,400,402,3,TAA
NM_062602.2,408,410,447,449,3,TAA
NM_062602.2,372,374,447,449,3,TAA
NM_062602.2,408,410,480,482,3,TAA
NM_062602.2,408,410,462,464,3,TAA
NM_062602.2,408,410,534,536,3,TAA
NM_062602.2,372,374,480,482,3,TAA
NM_062602.2,372,374,462,464,3,TAA
NM_062602.2,372,374,534,536,3,TAA
NM_062602.2,88,90,351,353,3,TAC
NM_062602.2,88,90,271,273,3,TAC
NM_062602.2,88,90,95,97,3,TAC
NM_062602.2,88,90,244,246,3,TAC
NM_062602.2,88,90,208,210,3,TAC
NM_062602.2,88,90,116,118,3,TAC
NM_062602.2,88,90,158,160,3,TAC
NM_062602.2,149,151,297,299,3,TAG
NM_062602.2,32,34,236,238,3,TAG
NM_062602.2,32,34,197,199,3,TAG
NM_062602.2,32,34,383,385,3,TAG
NM_062602.2,32,34,77,79,3,TAG
NM_062602.2,32,34,418,420,3,TAG
NM_062602.2,411,413,499,501,3,TAG
NM_062602.2,411,413,418,420,3,TAG
NM_062602.2,32,34,81,83,3,TAG
NM_062602.2,32,34,293,295,3,TAG
NM_062602.2,149,151,374,376,3,TAG
NM_062602.2,42,44,317,319,3,TAT
NM_062602.2,42,44,349,351,3,TAT
NM_062602.2,80,82,349,351,3,TAT
NM_062602.2,350,352,410,412,3,TAT
NM_062602.2,115,117,317,319,3,TAT
NM_062602.2,207,209,317,319,3,TAT
NM_062602.2,115,117,410,412,3,TAT
NM_062602.2,115,117,349,351,3,TAT
NM_062602.2,207,209,410,412,3,TAT
NM_062602.2,207,209,349,351,3,TAT
NM_062602.2,243,245,317,319,3,TAT
NM_062602.2,318,320,410,412,3,TAT
NM_062602.2,318,320,349,351,3,TAT
NM_062602.2,350,352,407,409,3,TAT
NM_062602.2,42,44,407,409,3,TAT
NM_062602.2,115,117,407,409,3,TAT
NM_062602.2,207,209,407,409,3,TAT
NM_062602.2,243,245,407,409,3,TAT
NM_062602.2,17,19,317,319,3,TAT
NM_062602.2,17,19,410,412,3,TAT
NM_062602.2,17,19,349,351,3,TAT
NM_062602.2,350,352,371,373,3,TAT
NM_062602.2,42,44,371,373,3,TAT
NM_062602.2,80,82,371,373,3,TAT
NM_062602.2,115,117,371,373,3,TAT
NM_062602.2,207,209,371,373,3,TAT
NM_062602.2,375,377,390,392,3,TCA
NM_062602.2,360,362,492,494,3,TCA
NM_062602.2,250,252,492,494,3,TCA
NM_062602.2,39,41,85,87,3,TCA
NM_062602.2,39,41,492,494,3,TCA
NM_062602.2,39,41,390,392,3,TCA
NM_062602.2,20,22,122,124,3,TCA
NM_062602.2,20,22,285,287,3,TCA
NM_062602.2,20,22,85,87,3,TCA
NM_062602.2,82,84,258,260,3,TCC
NM_062602.2,82,84,212,214,3,TCC
NM_062602.2,82,84,233,235,3,TCC
NM_062602.2,82,84,140,142,3,TCC
NM_062602.2,82,84,128,130,3,TCC
NM_062602.2,82,84,504,506,3,TCC
NM_062602.2,294,296,504,506,3,TCC
NM_062602.2,26,28,412,414,3,TCC
NM_062602.2,419,422,477,480,4,TCTT
NM_062602.2,237,240,477,480,4,TCTT
NM_062602.2,275,278,477,480,4,TCTT
NM_062602.2,419,422,438,441,4,TCTT
NM_062602.2,237,240,438,441,4,TCTT
NM_062602.2,240,243,438,441,4,TCTT
NM_062602.2,419,422,458,461,4,TCTT
NM_062602.2,237,240,458,461,4,TCTT
NM_062602.2,419,422,530,533,4,TCTT
NM_062602.2,237,240,530,533,4,TCTT
NM_062602.2,237,240,254,257,4,TCTT
NM_062602.2,419,422,548,551,4,TCTT
NM_062602.2,237,240,548,551,4,TCTT
NM_062602.2,275,278,458,461,4,TCTT
NM_062602.2,275,278,530,533,4,TCTT
NM_062602.2,275,278,548,551,4,TCTT
NM_062602.2,117,119,541,543,3,TGA
NM_062602.2,209,211,541,543,3,TGA
NM_062602.2,2,4,541,543,3,TGA
NM_062602.2,159,161,541,543,3,TGA
NM_062602.2,117,119,363,365,3,TGA
NM_062602.2,209,211,363,365,3,TGA
NM_062602.2,2,4,363,365,3,TGA
NM_062602.2,245,247,363,365,3,TGA
NM_062602.2,245,247,541,543,3,TGA
NM_062602.2,398,400,541,543,3,TGA
NM_062602.2,117,119,147,149,3,TGA
NM_062602.2,2,4,147,149,3,TGA
NM_062602.2,352,354,522,524,3,TGG
NM_062602.2,104,106,183,185,3,TGG
NM_062602.2,7,9,183,185,3,TGG
NM_062602.2,7,9,227,229,3,TGG
NM_062602.2,194,196,227,229,3,TGG
NM_062602.2,124,126,522,524,3,TGG
NM_062602.2,124,126,183,185,3,TGG
NM_062602.2,104,106,303,305,3,TGG
NM_062602.2,200,202,303,305,3,TGG
NM_062602.2,124,126,303,305,3,TGG
NM_062602.2,7,9,303,305,3,TGG
NM_062602.2,57,60,441,444,4,TGTT
NM_062602.2,57,60,474,477,4,TGTT
NM_062602.2,29,32,441,444,4,TGTT
NM_062602.2,29,32,474,477,4,TGTT
NM_062602.2,57,60,173,176,4,TGTT
NM_062602.2,29,32,173,176,4,TGTT
NM_062602.2,57,60,63,66,4,TGTT
NM_062602.2,29,32,63,66,4,TGTT
NM_062602.2,288,291,368,371,4,TGTT
NM_062602.2,87,89,479,481,3,TTA
NM_062602.2,87,89,461,463,3,TTA
NM_062602.2,87,89,533,535,3,TTA
NM_062602.2,59,61,338,340,3,TTA
NM_062602.2,87,89,373,375,3,TTA
NM_062602.2,59,61,373,375,3,TTA
NM_062602.2,31,33,479,481,3,TTA
NM_062602.2,31,33,338,340,3,TTA
NM_062602.2,31,33,461,463,3,TTA
NM_062602.2,31,33,533,535,3,TTA
NM_062602.2,31,33,409,411,3,TTA
NM_062602.2,87,89,409,411,3,TTA
NM_062602.2,59,61,409,411,3,TTA
NM_062602.2,242,244,373,375,3,TTA
NM_062602.2,242,244,356,358,3,TTA
NM_062602.2,242,244,338,340,3,TTA
NM_062602.2,242,244,461,463,3,TTA
NM_062602.2,242,244,533,535,3,TTA
NM_062602.2,31,33,348,350,3,TTA
NM_062602.2,87,89,348,350,3,TTA
NM_062602.2,59,61,348,350,3,TTA
NM_062602.2,463,467,503,507,5,TTCCT
NM_062602.2,25,29,73,77,5,TTCCT
NM_062602.2,448,451,452,455,4,TTCG
NM_062602.2,320,323,452,455,4,TTCG
NM_062602.2,320,323,443,446,4,TTCG
NM_062602.2,239,243,547,551,5,TTCTT
NM_062602.2,239,243,457,461,5,TTCTT
NM_062602.2,239,243,253,257,5,TTCTT
NM_062602.2,287,291,440,444,5,TTGTT
NM_062602.2,287,291,473,477,5,TTGTT
NM_062602.2,394,398,472,476,5,TTTGT
NM_001178175.1,23,30,119,126,8,ACCCTTAT
NM_001178175.1,172,174,231,233,3,ACG
NM_001178175.1,54,56,231,233,3,ACG
NM_001178175.1,54,56,87,89,3,ACG
NM_001178175.1,44,46,87,89,3,ACG
NM_001178175.1,183,186,267,270,4,AGAT
NM_001178175.1,132,135,267,270,4,AGAT
NM_001178175.1,147,154,320,327,8,AGTAGCAG
NM_001178175.1,106,109,195,198,4,ATTG
NM_001178175.1,106,109,135,138,4,ATTG
NM_001178175.1,178,181,195,198,4,ATTG
NM_001178175.1,43,45,255,257,3,CAC
NM_001178175.1,43,45,161,163,3,CAC
NM_001178175.1,43,45,282,284,3,CAC
NM_001178175.1,61,64,284,287,4,CAGA
NM_001178175.1,152,155,284,287,4,CAGA
NM_001178175.1,243,246,284,287,4,CAGA
NM_001178175.1,152,155,205,208,4,CAGA
NM_001178175.1,61,64,72,75,4,CAGA
NM_001178175.1,116,118,217,219,3,CCG
NM_001178175.1,25,27,264,266,3,CCT
NM_001178175.1,17,19,264,266,3,CCT
NM_001178175.1,25,27,83,85,3,CCT
NM_001178175.1,17,19,83,85,3,CCT
NM_001178175.1,89,91,190,192,3,CGG
NM_001178175.1,89,91,211,213,3,CGG
NM_001178175.1,89,91,232,234,3,CGG
NM_001178175.1,89,91,250,252,3,CGG
NM_001178175.1,203,205,211,213,3,CGG
NM_001178175.1,32,34,158,160,3,CTC
NM_001178175.1,32,34,225,227,3,CTC
NM_001178175.1,14,16,131,133,3,CTC
NM_001178175.1,14,16,40,42,3,CTC
NM_001178175.1,18,21,245,248,4,CTTT
NM_001178175.1,18,21,163,166,4,CTTT
NM_001178175.1,18,21,103,106,4,CTTT
NM_001178175.1,18,21,154,157,4,CTTT
NM_001178175.1,219,222,245,248,4,CTTT
NM_001178175.1,154,157,290,293,4,GAAA
NM_001178175.1,154,157,219,222,4,GAAA
NM_001178175.1,163,166,290,293,4,GAAA
NM_001178175.1,163,166,219,222,4,GAAA
NM_001178175.1,154,157,342,345,4,GAAA
NM_001178175.1,245,248,290,293,4,GAAA
NM_001178175.1,245,248,342,345,4,GAAA
NM_001178175.1,22,24,101,103,3,GAC
NM_001178175.1,84,86,286,288,3,GAC
NM_001178175.1,84,86,335,337,3,GAC
NM_001178175.1,22,24,335,337,3,GAC
NM_001178175.1,56,58,86,88,3,GAC
NM_001178175.1,84,86,86,88,3,GAC
NM_001178175.1,40,42,207,209,3,GAG
NM_001178175.1,129,131,207,209,3,GAG
NM_001178175.1,190,192,203,205,3,GCC
NM_001178175.1,90,92,198,200,3,GGA
NM_001178175.1,121,123,198,200,3,GGA
NM_001178175.1,83,85,198,200,3,GGA
NM_001178175.1,72,75,152,155,4,GTCT
NM_001178175.1,205,208,243,246,4,GTCT
NM_001178175.1,230,232,340,342,3,GTG
NM_001178175.1,118,120,340,342,3,GTG
NM_001178175.1,255,257,340,342,3,GTG
NM_001178175.1,282,284,340,342,3,GTG
NM_001178175.1,170,173,178,181,4,TAAC
NM_001178175.1,135,138,178,181,4,TAAC
NM_001178175.1,135,138,331,334,4,TAAC
NM_001178175.1,195,198,331,334,4,TAAC
NM_001178175.1,10,13,166,169,4,TCTA
NM_001178175.1,267,270,278,281,4,TCTA
NM_001178175.1,73,76,278,281,4,TCTA
NM_001178175.1,10,13,132,135,4,TCTA
NM_001178175.1,73,76,132,135,4,TCTA
NM_001178175.1,33,36,278,281,4,TCTA
NM_001178175.1,33,36,166,169,4,TCTA
NM_001178175.1,10,13,183,186,4,TCTA
NM_001178175.1,73,76,183,186,4,TCTA
NM_001178175.1,87,89,172,174,3,TGC
NM_001178175.1,30,32,172,174,3,TGC
NM_001178175.1,119,121,197,199,3,TGG
NM_001178175.1,292,297,318,323,6,TTAGTA
NM_001178175.1,292,297,297,302,6,TTAGTA
NM_001180140.1,156,160,313,317,5,AAACT
NM_001180140.1,157,161,160,164,5,AACTT
NM_001180140.1,245,249,304,308,5,AAGCC
NM_001180140.1,236,240,304,308,5,AAGCC
NM_001180140.1,7,11,86,90,5,ACTGA
NM_001180140.1,7,11,45,49,5,ACTGA
NM_001180140.1,179,183,234,238,5,ACTTC
NM_001180140.1,179,183,243,247,5,ACTTC
NM_001180140.1,116,118,129,131,3,ATA
NM_001180140.1,128,130,311,313,3,ATA
NM_001180140.1,128,130,170,172,3,ATA
NM_001180140.1,128,130,129,131,3,ATA
NM_001180140.1,116,118,117,119,3,ATA
NM_001180140.1,1,3,6,8,3,ATG
NM_001180140.1,1,3,25,27,3,ATG
NM_001180140.1,171,173,276,278,3,ATT
NM_001180140.1,130,132,138,140,3,ATT
NM_001180140.1,183,187,211,215,5,CAGCG
NM_001180140.1,183,187,223,227,5,CAGCG
NM_001180140.1,106,114,174,182,9,CCAGTTGAA
NM_001180140.1,57,61,142,146,5,CGAAA
NM_001180140.1,50,55,81,86,6,CTGAAA
NM_001180140.1,68,73,81,86,6,CTGAAA
NM_001180140.1,95,99,148,152,5,CTGCC
NM_001180140.1,65,68,235,238,4,CTTC
NM_001180140.1,65,68,244,247,4,CTTC
NM_001180140.1,65,68,250,253,4,CTTC
NM_001180140.1,180,183,262,265,4,CTTC
NM_001180140.1,180,183,250,253,4,CTTC
NM_001180140.1,180,183,280,283,4,CTTC
NM_001180140.1,180,183,268,271,4,CTTC
NM_001180140.1,180,183,265,268,4,CTTC
NM_001180140.1,180,183,271,274,4,CTTC
NM_001180140.1,65,68,162,165,4,CTTC
NM_001180140.1,17,20,52,55,4,CTTT
NM_001180140.1,17,20,112,115,4,CTTT
NM_001180140.1,17,20,70,73,4,CTTT
NM_001180140.1,143,146,256,259,4,CTTT
NM_001180140.1,17,20,256,259,4,CTTT
NM_001180140.1,70,73,143,146,4,GAAA
NM_001180140.1,112,115,143,146,4,GAAA
NM_001180140.1,58,61,83,86,4,GAAA
NM_001180140.1,52,55,143,146,4,GAAA
NM_001180140.1,148,152,197,201,5,GACGG
NM_001180140.1,81,86,254,259,6,GACTTT
NM_001180140.1,205,208,294,297,4,GCTG
NM_001180140.1,253,256,294,297,4,GCTG
NM_001180140.1,187,190,294,297,4,GCTG
NM_001180140.1,226,229,294,297,4,GCTG
NM_001180140.1,214,217,294,297,4,GCTG
NM_001180140.1,94,97,294,297,4,GCTG
NM_001180140.1,43,46,294,297,4,GCTG
NM_001180140.1,124,127,294,297,4,GCTG
NM_001180140.1,16,20,57,61,5,GCTTT
NM_001180140.1,90,92,130,132,3,TAA
NM_001180140.1,90,92,312,314,3,TAA
NM_001180140.1,138,140,171,173,3,TAA
NM_001180140.1,138,140,312,314,3,TAA
NM_001180140.1,6,8,101,103,3,TAC
NM_001180140.1,25,27,298,300,3,TAC
NM_001180140.1,6,8,298,300,3,TAC
NM_001180140.1,25,27,290,292,3,TAC
NM_001180140.1,117,119,128,130,3,TAT
NM_001180140.1,64,69,279,284,6,TCTTCT
NM_001180140.1,64,69,267,272,6,TCTTCT
NM_001180140.1,64,69,264,269,6,TCTTCT
NM_001180140.1,69,72,179,182,4,TGAA
NM_001180140.1,51,54,179,182,4,TGAA
NM_001180140.1,161,164,167,170,4,TGAA
NM_001180140.1,111,114,167,170,4,TGAA
NM_001180140.1,9,12,179,182,4,TGAA
NM_001180140.1,9,12,158,161,4,TGAA
NM_001180140.1,69,72,158,161,4,TGAA
NM_001180140.1,51,54,158,161,4,TGAA
NM_001180140.1,77,79,296,298,3,TGT
NM_001180140.1,102,104,296,298,3,TGT
NM_001180140.1,2,4,296,298,3,TGT
NM_001180140.1,222,224,296,298,3,TGT
NM_001180140.1,210,212,296,298,3,TGT
NM_001180140.1,20,22,296,298,3,TGT
NM_001180140.1,110,114,157,161,5,TTGAA
NM_001180140.1,84,88,156,160,5,TTTGA
NM_001180140.1,38,42,155,159,5,TTTTG
NM_001180140.1,132,136,155,159,5,TTTTG
NM_001181829.1,32,34,74,76,3,AAA
NM_001181829.1,164,166,187,189,3,AAG
NM_001181829.1,29,31,187,189,3,AAG
NM_001181829.1,16,18,187,189,3,AAG
NM_001181829.1,23,25,187,189,3,AAG
NM_001181829.1,125,127,187,189,3,AAG
NM_001181829.1,88,90,187,189,3,AAG
NM_001181829.1,164,166,194,196,3,AAG
NM_001181829.1,142,144,187,189,3,AAG
NM_001181829.1,79,81,194,196,3,AAG
NM_001181829.1,61,63,194,196,3,AAG
NM_001181829.1,157,159,194,196,3,AAG
NM_001181829.1,157,159,187,189,3,AAG
NM_001181829.1,191,193,194,196,3,AAG
NM_001181829.1,88,90,148,150,3,AAG
NM_001181829.1,88,90,115,117,3,AAG
NM_001181829.1,142,144,148,150,3,AAG
NM_001181829.1,29,31,148,150,3,AAG
NM_001181829.1,16,18,148,150,3,AAG
NM_001181829.1,23,25,148,150,3,AAG
NM_001181829.1,125,127,148,150,3,AAG
NM_001181829.1,29,31,115,117,3,AAG
NM_001181829.1,16,18,115,117,3,AAG
NM_001181829.1,23,25,115,117,3,AAG
NM_001181829.1,27,30,67,70,4,ACAA
NM_001181829.1,21,24,67,70,4,ACAA
NM_001181829.1,14,17,67,70,4,ACAA
NM_001181829.1,53,56,67,70,4,ACAA
NM_001181829.1,24,27,110,113,4,AGAA
NM_001181829.1,30,33,110,113,4,AGAA
NM_001181829.1,17,20,110,113,4,AGAA
NM_001181829.1,84,87,110,113,4,AGAA
NM_001181829.1,95,97,188,190,3,AGC
NM_001181829.1,101,103,113,115,3,ATA
NM_001181829.1,28,31,193,196,4,CAAG
NM_001181829.1,15,18,193,196,4,CAAG
NM_001181829.1,22,25,193,196,4,CAAG
NM_001181829.1,124,127,193,196,4,CAAG
NM_001181829.1,48,50,185,187,3,CGA
NM_001181829.1,193,196,197,200,4,GTTC
NM_001181829.1,60,63,114,117,4,TAAG
NM_001181829.1,78,81,114,117,4,TAAG
NM_001181829.1,60,63,147,150,4,TAAG
NM_001181829.1,78,81,147,150,4,TAAG
NM_001181829.1,67,70,123,126,4,TGTT
NM_001181829.1,148,151,191,194,4,TTCA
NM_001181829.1,115,118,157,160,4,TTCA
NM_001181829.1,148,151,198,201,4,TTCA
NM_001181829.1,115,118,198,201,4,TTCA
NM_001184149.1,30,33,274,277,4,AACC
NM_001184149.1,30,33,163,166,4,AACC
NM_001184149.1,17,20,274,277,4,AACC
NM_001184149.1,17,20,163,166,4,AACC
NM_001184149.1,30,33,143,146,4,AACC
NM_001184149.1,40,43,120,123,4,AAGA
NM_001184149.1,25,28,120,123,4,AAGA
NM_001184149.1,43,46,120,123,4,AAGA
NM_001184149.1,64,67,120,123,4,AAGA
NM_001184149.1,22,25,120,123,4,AAGA
NM_001184149.1,83,85,114,116,3,ACA
NM_001184149.1,110,113,260,263,4,ATAT
NM_001184149.1,134,137,260,263,4,ATAT
NM_001184149.1,240,243,260,263,4,ATAT
NM_001184149.1,134,137,262,265,4,ATAT
NM_001184149.1,240,243,262,265,4,ATAT
NM_001184149.1,11,14,115,118,4,CAAG
NM_001184149.1,77,79,154,156,3,CCG
NM_001184149.1,77,79,276,278,3,CCG
NM_001184149.1,99,101,181,183,3,CGA
NM_001184149.1,210,212,277,279,3,CGA
NM_001184149.1,99,101,277,279,3,CGA
NM_001184149.1,182,184,193,195,3,CTC
NM_001184149.1,182,184,256,258,3,CTC
NM_001184149.1,71,74,124,127,4,CTTT
NM_001184149.1,71,74,196,199,4,CTTT
NM_001184149.1,100,103,272,275,4,GAAA
NM_001184149.1,250,253,272,275,4,GAAA
NM_001184149.1,196,199,272,275,4,GAAA
NM_001184149.1,38,41,71,74,4,GAAA
NM_001184149.1,38,41,272,275,4,GAAA
NM_001184149.1,66,68,182,184,3,GAG
NM_001184149.1,94,96,210,212,3,GCT
NM_001184149.1,94,96,249,251,3,GCT
NM_001184149.1,70,72,210,212,3,GCT
NM_001184149.1,94,96,99,101,3,GCT
NM_001184149.1,213,215,227,229,3,GGC
NM_001184149.1,219,221,227,229,3,GGC
NM_001184149.1,225,227,227,229,3,GGC
NM_001184149.1,69,71,77,79,3,GGC
NM_001184149.1,154,156,248,250,3,GGC
NM_001184149.1,3,5,269,271,3,GGT
NM_001184149.1,166,168,190,192,3,GGT
NM_001184149.1,166,168,215,217,3,GGT
NM_001184149.1,3,5,215,217,3,GGT
NM_001184149.1,3,5,10,12,3,GGT
NM_001184149.1,3,5,52,54,3,GGT
NM_001184149.1,115,118,216,219,4,GTTC
NM_001184149.1,119,122,216,219,4,GTTC
NM_001184149.1,119,122,148,151,4,GTTC
NM_001184149.1,115,118,156,159,4,GTTC
NM_001184149.1,36,38,136,138,3,TAG
NM_001184149.1,36,38,246,248,3,TAG
NM_001184149.1,36,38,128,130,3,TAG
NM_001184149.1,152,154,200,202,3,TCG
NM_001184149.1,117,119,203,205,3,TCG
NM_001184149.1,92,94,203,205,3,TCG
NM_001184149.1,57,59,98,100,3,TGC
NM_001184149.1,57,59,187,189,3,TGC
NM_001184149.1,57,59,266,268,3,TGC
NM_001184149.1,74,76,83,85,3,TGT
NM_001184149.1,74,76,139,141,3,TGT
NM_001184149.1,86,88,139,141,3,TGT
NM_001184149.1,86,88,104,106,3,TGT
NM_001184149.1,74,76,147,149,3,TGT
NM_001184149.1,114,116,139,141,3,TGT
NM_001184149.1,120,123,232,235,4,TTCT
NM_001184149.1,120,123,235,238,4,TTCT
NM_001184438.1,53,55,159,161,3,AAA
NM_001184438.1,52,54,159,161,3,AAA
NM_001184438.1,53,55,141,143,3,AAA
NM_001184438.1,53,55,154,156,3,AAA
NM_001184438.1,52,54,154,156,3,AAA
NM_001184438.1,54,56,159,161,3,AAA
NM_001184438.1,52,54,104,106,3,AAA
NM_001184438.1,54,56,141,143,3,AAA
NM_001184438.1,54,56,154,156,3,AAA
NM_001184438.1,54,56,103,105,3,AAA
NM_001184438.1,131,133,141,143,3,AAA
NM_001184438.1,131,133,154,156,3,AAA
NM_001184438.1,65,67,159,161,3,AAA
NM_001184438.1,65,67,154,156,3,AAA
NM_001184438.1,65,67,103,105,3,AAA
NM_001184438.1,118,120,141,143,3,AAA
NM_001184438.1,118,120,154,156,3,AAA
NM_001184438.1,74,76,104,106,3,AAA
NM_001184438.1,74,76,159,161,3,AAA
NM_001184438.1,74,76,154,156,3,AAA
NM_001184438.1,74,76,103,105,3,AAA
NM_001184438.1,34,38,105,109,5,AAGAG
NM_001184438.1,16,20,50,54,5,ACTTT
NM_001184438.1,37,39,85,87,3,AGA
NM_001184438.1,35,37,85,87,3,AGA
NM_001184438.1,27,29,106,108,3,AGA
NM_001184438.1,37,39,106,108,3,AGA
NM_001184438.1,35,37,41,43,3,AGA
NM_001184438.1,100,102,106,108,3,AGA
NM_001184438.1,27,29,41,43,3,AGA
NM_001184438.1,37,39,41,43,3,AGA
NM_001184438.1,67,71,90,94,5,AGTGG
NM_001184438.1,47,54,136,143,8,CATTGAAA
NM_001184438.1,59,63,67,71,5,TCACC
NM_001184438.1,41,43,133,135,3,TCT
NM_001184438.1,41,43,149,151,3,TCT
NM_001184438.1,106,108,151,153,3,TCT
NM_001184438.1,85,87,100,102,3,TCT
NM_001184438.1,41,43,111,113,3,TCT
NM_001184438.1,85,87,151,153,3,TCT
NM_001184438.1,85,87,133,135,3,TCT
NM_001184438.1,85,87,149,151,3,TCT
NM_001184438.1,106,108,111,113,3,TCT
NM_001184438.1,41,43,127,129,3,TCT
NM_001184438.1,41,43,146,148,3,TCT
NM_001184438.1,85,87,146,148,3,TCT
NM_001184438.1,72,76,139,143,5,TGAAA
NM_001184438.1,105,109,148,152,5,TTCTC
NM_001179952.1,115,119,157,161,5,AAGGT
NM_001179952.1,83,87,157,161,5,AAGGT
NM_001179952.1,215,217,240,242,3,AAT
NM_001179952.1,92,94,240,242,3,AAT
NM_001179952.1,141,144,175,178,4,AGAC
NM_001179952.1,57,60,175,178,4,AGAC
NM_001179952.1,210,214,299,303,5,AGGTG
NM_001179952.1,162,166,299,303,5,AGGTG
NM_001179952.1,162,166,167,171,5,AGGTG
NM_001179952.1,128,136,259,267,9,AGGTTCAAC
NM_001179952.1,105,108,130,133,4,CAAG
NM_001179952.1,82,85,130,133,4,CAAG
NM_001179952.1,114,117,130,133,4,CAAG
NM_001179952.1,168,171,304,307,4,CCAC
NM_001179952.1,300,303,304,307,4,CCAC
NM_001179952.1,233,235,238,240,3,CTA
NM_001179952.1,62,64,248,250,3,CTC
NM_001179952.1,60,62,248,250,3,CTC
NM_001179952.1,174,176,248,250,3,CTC
NM_001179952.1,101,104,172,175,4,CTGA
NM_001179952.1,5,8,172,175,4,CTGA
NM_001179952.1,41,44,172,175,4,CTGA
NM_001179952.1,38,43,310,315,6,CTTCTG
NM_001179952.1,38,43,139,144,6,CTTCTG
NM_001179952.1,51,54,156,159,4,GAAG
NM_001179952.1,43,46,156,159,4,GAAG
NM_001179952.1,58,61,101,104,4,GACT
NM_001179952.1,58,61,200,203,4,GACT
NM_001179952.1,58,61,77,80,4,GACT
NM_001179952.1,193,195,233,235,3,GAT
NM_001179952.1,23,25,233,235,3,GAT
NM_001179952.1,188,190,295,297,3,GCA
NM_001179952.1,10,12,295,297,3,GCA
NM_001179952.1,223,225,295,297,3,GCA
NM_001179952.1,28,31,300,303,4,GGTG
NM_001179952.1,28,31,168,171,4,GGTG
NM_001179952.1,151,154,300,303,4,GGTG
NM_001179952.1,151,154,168,171,4,GGTG
NM_001179952.1,130,133,208,211,4,GTTC
NM_001179952.1,130,133,189,192,4,GTTC
NM_001179952.1,130,133,147,150,4,GTTC
NM_001179952.1,167,171,210,214,5,TCCAC
NM_001179952.1,40,43,225,228,4,TCTG
NM_001179952.1,4,7,312,315,4,TCTG
NM_001179952.1,175,178,225,228,4,TCTG
NM_001179952.1,175,178,312,315,4,TCTG
NM_001179952.1,4,7,141,144,4,TCTG
NM_001179952.1,240,242,281,283,3,TTA
NM_001179952.1,157,161,161,165,5,TTCCA
NM_001179952.1,157,161,209,213,5,TTCCA
NM_001180463.1,49,51,152,154,3,AAC
NM_001180463.1,86,88,152,154,3,AAC
NM_001180463.1,21,23,152,154,3,AAC
NM_001180463.1,145,147,152,154,3,AAC
NM_001180463.1,268,270,400,402,3,AAG
NM_001180463.1,388,390,400,402,3,AAG
NM_001180463.1,308,310,400,402,3,AAG
NM_001180463.1,18,20,400,402,3,AAG
NM_001180463.1,349,351,400,402,3,AAG
NM_001180463.1,308,310,315,317,3,AAG
NM_001180463.1,8,10,107,109,3,AAG
NM_001180463.1,8,10,12,14,3,AAG
NM_001180463.1,18,20,315,317,3,AAG
NM_001180463.1,18,20,246,248,3,AAG
NM_001180463.1,8,10,400,402,3,AAG
NM_001180463.1,289,291,400,402,3,AAG
NM_001180463.1,139,141,400,402,3,AAG
NM_001180463.1,352,354,400,402,3,AAG
NM_001180463.1,8,10,110,112,3,AAG
NM_001180463.1,8,10,286,288,3,AAG
NM_001180463.1,268,270,286,288,3,AAG
NM_001180463.1,8,10,65,67,3,AAG
NM_001180463.1,8,10,329,331,3,AAG
NM_001180463.1,268,270,329,331,3,AAG
NM_001180463.1,8,10,275,277,3,AAG
NM_001180463.1,268,270,275,277,3,AAG
NM_001180463.1,289,291,329,331,3,AAG
NM_001180463.1,308,310,329,331,3,AAG
NM_001180463.1,18,20,65,67,3,AAG
NM_001180463.1,139,141,329,331,3,AAG
NM_001180463.1,18,20,329,331,3,AAG
NM_001180463.1,139,141,275,277,3,AAG
NM_001180463.1,18,20,275,277,3,AAG
NM_001180463.1,113,115,128,130,3,AAT
NM_001180463.1,113,115,149,151,3,AAT
NM_001180463.1,169,171,265,267,3,AAT
NM_001180463.1,169,171,371,373,3,AAT
NM_001180463.1,28,30,371,373,3,AAT
NM_001180463.1,50,53,57,60,4,ACAC
NM_001180463.1,50,53,210,213,4,ACAC
NM_001180463.1,32,35,57,60,4,ACAC
NM_001180463.1,32,35,210,213,4,ACAC
NM_001180463.1,40,42,212,214,3,ACC
NM_001180463.1,172,174,212,214,3,ACC
NM_001180463.1,163,165,212,214,3,ACC
NM_001180463.1,40,42,119,121,3,ACC
NM_001180463.1,185,187,375,377,3,ACG
NM_001180463.1,194,196,375,377,3,ACG
NM_001180463.1,200,202,375,377,3,ACG
NM_001180463.1,101,103,375,377,3,ACG
NM_001180463.1,185,187,204,206,3,ACG
NM_001180463.1,185,187,296,298,3,ACG
NM_001180463.1,73,75,204,206,3,ACG
NM_001180463.1,52,54,204,206,3,ACG
NM_001180463.1,43,45,204,206,3,ACG
NM_001180463.1,73,75,80,82,3,ACG
NM_001180463.1,52,54,80,82,3,ACG
NM_001180463.1,43,45,80,82,3,ACG
NM_001180463.1,73,75,296,298,3,ACG
NM_001180463.1,52,54,296,298,3,ACG
NM_001180463.1,43,45,296,298,3,ACG
NM_001180463.1,52,54,69,71,3,ACG
NM_001180463.1,43,45,69,71,3,ACG
NM_001180463.1,16,20,108,112,5,AGAAG
NM_001180463.1,280,283,335,338,4,AGAG
NM_001180463.1,122,125,335,338,4,AGAG
NM_001180463.1,250,252,401,403,3,AGC
NM_001180463.1,77,79,401,403,3,AGC
NM_001180463.1,250,252,259,261,3,AGC
NM_001180463.1,77,79,259,261,3,AGC
NM_001180463.1,124,126,401,403,3,AGC
NM_001180463.1,124,126,259,261,3,AGC
NM_001180463.1,178,180,233,235,3,AGC
NM_001180463.1,223,225,401,403,3,AGC
NM_001180463.1,223,225,233,235,3,AGC
NM_001180463.1,223,225,259,261,3,AGC
NM_001180463.1,24,27,247,250,4,AGGT
NM_001180463.1,332,335,337,340,4,AGGT
NM_001180463.1,24,27,337,340,4,AGGT
NM_001180463.1,9,12,337,340,4,AGGT
NM_001180463.1,9,12,253,256,4,AGGT
NM_001180463.1,104,107,247,250,4,AGGT
NM_001180463.1,157,159,330,332,3,AGT
NM_001180463.1,157,159,276,278,3,AGT
NM_001180463.1,157,159,287,289,3,AGT
NM_001180463.1,157,159,227,229,3,AGT
NM_001180463.1,155,158,257,260,4,ATAG
NM_001180463.1,64,66,216,218,3,ATT
NM_001180463.1,148,150,216,218,3,ATT
NM_001180463.1,64,66,266,268,3,ATT
NM_001180463.1,148,150,266,268,3,ATT
NM_001180463.1,114,116,216,218,3,ATT
NM_001180463.1,151,153,266,268,3,ATT
NM_001180463.1,307,309,370,372,3,CAA
NM_001180463.1,85,87,370,372,3,CAA
NM_001180463.1,240,242,370,372,3,CAA
NM_001180463.1,183,185,370,372,3,CAA
NM_001180463.1,288,290,370,372,3,CAA
NM_001180463.1,228,230,370,372,3,CAA
NM_001180463.1,339,342,374,377,4,CACG
NM_001180463.1,51,54,374,377,4,CACG
NM_001180463.1,72,75,374,377,4,CACG
NM_001180463.1,42,45,374,377,4,CACG
NM_001180463.1,84,87,105,108,4,CCAA
NM_001180463.1,41,44,367,370,4,CCAC
NM_001180463.1,71,74,367,370,4,CCAC
NM_001180463.1,298,301,367,370,4,CCAC
NM_001180463.1,221,224,292,295,4,CCAG
NM_001180463.1,221,224,333,336,4,CCAG
NM_001180463.1,248,251,292,295,4,CCAG
NM_001180463.1,82,84,291,293,3,CCC
NM_001180463.1,188,190,213,215,3,CCG
NM_001180463.1,206,208,213,215,3,CCG
NM_001180463.1,302,304,385,387,3,CCG
NM_001180463.1,317,319,385,387,3,CCG
NM_001180463.1,380,382,385,387,3,CCG
NM_001180463.1,380,382,382,384,3,CCG
NM_001180463.1,186,190,383,387,5,CGCCG
NM_001180463.1,197,199,205,207,3,CGG
NM_001180463.1,344,346,403,405,3,CGG
NM_001180463.1,180,182,224,226,3,CGG
NM_001180463.1,180,182,376,378,3,CGG
NM_001180463.1,197,199,376,378,3,CGG
NM_001180463.1,180,182,297,299,3,CGG
NM_001180463.1,197,199,297,299,3,CGG
NM_001180463.1,95,99,406,410,5,CTACT
NM_001180463.1,95,99,133,137,5,CTACT
NM_001180463.1,191,194,310,313,4,CTGA
NM_001180463.1,191,194,283,286,4,CTGA
NM_001180463.1,79,82,193,196,4,CTGC
NM_001180463.1,79,82,199,202,4,CTGC
NM_001180463.1,35,38,199,202,4,CTGC
NM_001180463.1,35,38,342,345,4,CTGC
NM_001180463.1,79,82,100,103,4,CTGC
NM_001180463.1,285,288,351,354,4,CTTC
NM_001180463.1,285,288,348,351,4,CTTC
NM_001180463.1,138,141,285,288,4,GAAG
NM_001180463.1,17,20,285,288,4,GAAG
NM_001180463.1,199,202,295,298,4,GACG
NM_001180463.1,193,196,295,298,4,GACG
NM_001180463.1,100,103,295,298,4,GACG
NM_001180463.1,199,202,203,206,4,GACG
NM_001180463.1,193,196,203,206,4,GACG
NM_001180463.1,100,103,203,206,4,GACG
NM_001180463.1,3,7,95,99,5,GATGA
NM_001180463.1,319,323,381,385,5,GCCGC
NM_001180463.1,187,191,381,385,5,GCCGC
NM_001180463.1,205,209,381,385,5,GCCGC
NM_001180463.1,179,183,318,322,5,GCGGC
NM_001180463.1,179,183,186,190,5,GCGGC
NM_001180463.1,383,387,402,406,5,GCGGC
NM_001180463.1,78,83,341,346,6,GCTGCC
NM_001180463.1,202,207,341,346,6,GCTGCC
NM_001180463.1,181,183,317,319,3,GGC
NM_001180463.1,181,183,302,304,3,GGC
NM_001180463.1,213,215,317,319,3,GGC
NM_001180463.1,213,215,320,322,3,GGC
NM_001180463.1,213,215,302,304,3,GGC
NM_001180463.1,181,183,380,382,3,GGC
NM_001180463.1,291,293,301,303,3,GGG
NM_001180463.1,60,63,248,251,4,GGTC
NM_001180463.1,367,370,377,380,4,GGTG
NM_001180463.1,10,15,306,311,6,GGTTCT
NM_001180463.1,105,110,306,311,6,GGTTCT
NM_001180463.1,374,376,378,380,3,GTG
NM_001180463.1,211,213,339,341,3,GTG
NM_001180463.1,58,60,72,74,3,GTG
NM_001180463.1,58,60,339,341,3,GTG
NM_001180463.1,11,14,288,291,4,GTTC
NM_001180463.1,106,109,288,291,4,GTTC
NM_001180463.1,11,14,359,362,4,GTTC
NM_001180463.1,106,109,359,362,4,GTTC
NM_001180463.1,47,49,151,153,3,TAA
NM_001180463.1,30,32,114,116,3,TAA
NM_001180463.1,30,32,274,276,3,TAA
NM_001180463.1,266,268,274,276,3,TAA
NM_001180463.1,30,32,399,401,3,TAA
NM_001180463.1,30,32,64,66,3,TAA
NM_001180463.1,30,32,328,330,3,TAA
NM_001180463.1,216,218,399,401,3,TAA
NM_001180463.1,47,49,399,401,3,TAA
NM_001180463.1,47,49,64,66,3,TAA
NM_001180463.1,216,218,328,330,3,TAA
NM_001180463.1,47,49,328,330,3,TAA
NM_001180463.1,266,268,399,401,3,TAA
NM_001180463.1,266,268,328,330,3,TAA
NM_001180463.1,27,29,151,153,3,TAA
NM_001180463.1,30,32,148,150,3,TAA
NM_001180463.1,27,29,274,276,3,TAA
NM_001180463.1,47,49,148,150,3,TAA
NM_001180463.1,27,29,114,116,3,TAA
NM_001180463.1,30,32,264,266,3,TAA
NM_001180463.1,216,218,264,266,3,TAA
NM_001180463.1,47,49,264,266,3,TAA
NM_001180463.1,129,132,155,158,4,TATC
NM_001180463.1,257,260,364,367,4,TATC
NM_001180463.1,129,132,364,367,4,TATC
NM_001180463.1,111,113,157,159,3,TCA
NM_001180463.1,227,229,373,375,3,TCA
NM_001180463.1,62,64,373,375,3,TCA
NM_001180463.1,66,68,373,375,3,TCA
NM_001180463.1,276,278,373,375,3,TCA
NM_001180463.1,330,332,373,375,3,TCA
NM_001180463.1,287,289,373,375,3,TCA
NM_001180463.1,111,113,373,375,3,TCA
NM_001180463.1,247,250,366,369,4,TCCA
NM_001180463.1,253,256,366,369,4,TCCA
NM_001180463.1,253,256,332,335,4,TCCA
NM_001180463.1,131,133,178,180,3,TCG
NM_001180463.1,131,133,223,225,3,TCG
NM_001180463.1,259,261,361,363,3,TCG
NM_001180463.1,233,235,361,363,3,TCG
NM_001180463.1,131,133,361,363,3,TCG
NM_001180463.1,92,95,269,272,4,TCTC
NM_001180463.1,92,95,122,125,4,TCTC
NM_001180463.1,108,112,347,351,5,TCTTC
NM_001180463.1,108,112,137,141,5,TCTTC
NM_001180463.1,69,71,200,202,3,TGC
NM_001180463.1,69,71,194,196,3,TGC
NM_001180463.1,69,71,73,75,3,TGC
NM_001180463.1,69,71,185,187,3,TGC
NM_001180463.1,80,82,185,187,3,TGC
NM_001180463.1,69,71,101,103,3,TGC
NM_001180463.1,36,38,43,45,3,TGC
NM_001180463.1,36,38,52,54,3,TGC
NM_001180463.1,36,38,73,75,3,TGC
NM_001180463.1,36,38,185,187,3,TGC
NM_001180463.1,69,71,340,342,3,TGC
NM_001180463.1,296,298,340,342,3,TGC
NM_001180463.1,80,82,340,342,3,TGC
NM_001180463.1,204,206,340,342,3,TGC
NM_001180463.1,119,121,379,381,3,TGG
NM_001180463.1,212,214,242,244,3,TGG
NM_001180463.1,119,121,163,165,3,TGG
NM_001180463.1,119,121,172,174,3,TGG
NM_001180463.1,119,121,220,222,3,TGG
NM_001180463.1,119,121,238,240,3,TGG
NM_001180463.1,59,61,242,244,3,TGG
NM_001180463.1,119,121,300,302,3,TGG
NM_001180463.1,149,151,263,265,3,TTA
NM_001180463.1,128,130,263,265,3,TTA
NM_001180463.1,275,277,352,354,3,TTC
NM_001180463.1,329,331,352,354,3,TTC
NM_001180463.1,65,67,352,354,3,TTC
NM_001180463.1,65,67,139,141,3,TTC
NM_001180463.1,275,277,289,291,3,TTC
NM_001180463.1,65,67,289,291,3,TTC
NM_001180463.1,286,288,289,291,3,TTC
NM_001180463.1,110,112,289,291,3,TTC
NM_001180463.1,275,277,360,362,3,TTC
NM_001180463.1,329,331,360,362,3,TTC
NM_001180463.1,65,67,360,362,3,TTC
NM_001180463.1,286,288,360,362,3,TTC
NM_001180463.1,110,112,360,362,3,TTC
NM_001180463.1,246,248,360,362,3,TTC
NM_001180463.1,315,317,360,362,3,TTC
NM_001180463.1,275,277,349,351,3,TTC
NM_001180463.1,329,331,349,351,3,TTC
NM_001180463.1,65,67,349,351,3,TTC
NM_001180463.1,246,248,349,351,3,TTC
NM_001180463.1,315,317,349,351,3,TTC
NM_001180463.1,275,277,308,310,3,TTC
NM_001180463.1,65,67,308,310,3,TTC
NM_001180463.1,275,277,388,390,3,TTC
NM_001180463.1,329,331,388,390,3,TTC
NM_001180463.1,65,67,388,390,3,TTC
NM_001180463.1,12,14,352,354,3,TTC
NM_001180463.1,12,14,139,141,3,TTC
NM_001180463.1,286,288,308,310,3,TTC
NM_001180463.1,110,112,308,310,3,TTC
NM_001180463.1,107,109,352,354,3,TTC
NM_001180463.1,107,109,139,141,3,TTC
NM_001180463.1,286,288,388,390,3,TTC
NM_001180463.1,110,112,388,390,3,TTC
NM_001180463.1,246,248,308,310,3,TTC
NM_001180463.1,246,248,388,390,3,TTC
NM_001180463.1,315,317,388,390,3,TTC
NM_001180463.1,65,67,268,270,3,TTC
NM_001180463.1,110,112,268,270,3,TTC
NM_001180463.1,116,118,352,354,3,TTC
NM_001180463.1,116,118,139,141,3,TTC
NM_001180463.1,116,118,360,362,3,TTC
NM_001180463.1,116,118,289,291,3,TTC
NM_001180463.1,152,154,229,231,3,TTG
NM_001180463.1,152,154,184,186,3,TTG
NM_001180463.1,152,154,241,243,3,TTG
NM_001178771.1,15,17,39,41,3,AAA
NM_001178771.1,109,111,293,295,3,AAC
NM_001178771.1,47,49,238,240,3,AAC
NM_001178771.1,101,103,238,240,3,AAC
NM_001178771.1,127,129,238,240,3,AAC
NM_001178771.1,109,111,238,240,3,AAC
NM_001178771.1,26,28,238,240,3,AAC
NM_001178771.1,149,151,293,295,3,AAC
NM_001178771.1,149,151,238,240,3,AAC
NM_001178771.1,47,49,302,304,3,AAC
NM_001178771.1,109,111,302,304,3,AAC
NM_001178771.1,26,28,302,304,3,AAC
NM_001178771.1,86,88,238,240,3,AAC
NM_001178771.1,34,36,92,94,3,AAT
NM_001178771.1,8,10,92,94,3,AAT
NM_001178771.1,128,130,179,181,3,ACA
NM_001178771.1,163,165,291,293,3,ACA
NM_001178771.1,200,202,291,293,3,ACA
NM_001178771.1,27,29,69,71,3,ACA
NM_001178771.1,27,29,291,293,3,ACA
NM_001178771.1,27,29,76,78,3,ACA
NM_001178771.1,48,50,69,71,3,ACA
NM_001178771.1,48,50,291,293,3,ACA
NM_001178771.1,48,50,76,78,3,ACA
NM_001178771.1,27,29,179,181,3,ACA
NM_001178771.1,48,50,179,181,3,ACA
NM_001178771.1,165,167,291,293,3,ACA
NM_001178771.1,261,263,291,293,3,ACA
NM_001178771.1,165,167,179,181,3,ACA
NM_001178771.1,282,284,291,293,3,ACA
NM_001178771.1,122,124,291,293,3,ACA
NM_001178771.1,165,167,294,296,3,ACA
NM_001178771.1,261,263,294,296,3,ACA
NM_001178771.1,282,284,294,296,3,ACA
NM_001178771.1,122,124,294,296,3,ACA
NM_001178771.1,163,165,294,296,3,ACA
NM_001178771.1,200,202,294,296,3,ACA
NM_001178771.1,27,29,56,58,3,ACA
NM_001178771.1,48,50,56,58,3,ACA
NM_001178771.1,27,29,219,221,3,ACA
NM_001178771.1,48,50,219,221,3,ACA
NM_001178771.1,128,130,219,221,3,ACA
NM_001178771.1,165,167,219,221,3,ACA
NM_001178771.1,102,104,152,154,3,ACC
NM_001178771.1,110,112,257,259,3,ACC
NM_001178771.1,110,112,137,139,3,ACC
NM_001178771.1,202,204,257,259,3,ACC
NM_001178771.1,83,85,137,139,3,ACC
NM_001178771.1,234,236,292,294,3,CAA
NM_001178771.1,45,47,292,294,3,CAA
NM_001178771.1,147,149,292,294,3,CAA
NM_001178771.1,175,177,292,294,3,CAA
NM_001178771.1,129,131,301,303,3,CAA
NM_001178771.1,45,47,301,303,3,CAA
NM_001178771.1,147,149,301,303,3,CAA
NM_001178771.1,175,177,301,303,3,CAA
NM_001178771.1,129,131,275,277,3,CAA
NM_001178771.1,126,128,275,277,3,CAA
NM_001178771.1,100,102,275,277,3,CAA
NM_001178771.1,206,208,275,277,3,CAA
NM_001178771.1,45,47,275,277,3,CAA
NM_001178771.1,147,149,275,277,3,CAA
NM_001178771.1,175,177,275,277,3,CAA
NM_001178771.1,187,189,292,294,3,CAA
NM_001178771.1,187,189,301,303,3,CAA
NM_001178771.1,45,47,77,79,3,CAA
NM_001178771.1,7,9,42,44,3,CAA
NM_001178771.1,7,9,292,294,3,CAA
NM_001178771.1,241,243,292,294,3,CAA
NM_001178771.1,33,35,42,44,3,CAA
NM_001178771.1,33,35,292,294,3,CAA
NM_001178771.1,241,243,275,277,3,CAA
NM_001178771.1,241,243,301,303,3,CAA
NM_001178771.1,33,35,275,277,3,CAA
NM_001178771.1,33,35,301,303,3,CAA
NM_001178771.1,73,75,180,182,3,CAC
NM_001178771.1,228,233,248,253,6,CAGATC
NM_001178771.1,135,137,220,222,3,CAT
NM_001178771.1,135,137,295,297,3,CAT
NM_001178771.1,217,219,220,222,3,CAT
NM_001178771.1,217,219,295,297,3,CAT
NM_001178771.1,217,219,271,273,3,CAT
NM_001178771.1,289,291,315,317,3,CCT
NM_001178771.1,54,56,265,267,3,CCT
NM_001178771.1,203,205,319,321,3,CCT
NM_001178771.1,54,56,319,321,3,CCT
NM_001178771.1,61,63,195,197,3,CGC
NM_001178771.1,140,142,195,197,3,CGC
NM_001178771.1,61,63,62,64,3,CGC
NM_001178771.1,140,142,268,270,3,CGC
NM_001178771.1,104,106,195,197,3,CGC
NM_001178771.1,104,106,268,270,3,CGC
NM_001178771.1,139,141,140,142,3,GCG
NM_001178771.1,62,64,104,106,3,GCG
NM_001178771.1,190,192,203,205,3,GGA
NM_001178771.1,24,26,54,56,3,GGA
NM_001178771.1,24,26,289,291,3,GGA
NM_001178771.1,24,26,203,205,3,GGA
NM_001178771.1,57,59,217,219,3,GTA
NM_001178771.1,57,59,135,137,3,GTA
NM_001178771.1,248,253,283,288,6,GTCTAG
NM_001178771.1,70,72,73,75,3,GTG
NM_001178771.1,155,157,260,262,3,GTG
NM_001178771.1,70,72,260,262,3,GTG
NM_001178771.1,180,182,260,262,3,GTG
NM_001178771.1,155,157,164,166,3,GTG
NM_001178771.1,155,157,201,203,3,GTG
NM_001178771.1,77,79,187,189,3,GTT
NM_001178771.1,42,44,241,243,3,GTT
NM_001178771.1,42,44,206,208,3,GTT
NM_001178771.1,77,79,206,208,3,GTT
NM_001178771.1,42,44,100,102,3,GTT
NM_001178771.1,77,79,100,102,3,GTT
NM_001178771.1,42,44,126,128,3,GTT
NM_001178771.1,77,79,126,128,3,GTT
NM_001178771.1,42,44,85,87,3,GTT
NM_001178771.1,77,79,85,87,3,GTT
NM_001178771.1,42,44,175,177,3,GTT
NM_001178771.1,77,79,175,177,3,GTT
NM_001178771.1,42,44,147,149,3,GTT
NM_001178771.1,77,79,147,149,3,GTT
NM_001178771.1,42,44,45,47,3,GTT
NM_001178771.1,42,44,234,236,3,GTT
NM_001178771.1,77,79,234,236,3,GTT
NM_001178771.1,227,229,279,281,3,TCA
NM_001178771.1,146,148,279,281,3,TCA
NM_001178771.1,99,101,279,281,3,TCA
NM_001178771.1,205,207,279,281,3,TCA
NM_001178771.1,277,279,279,281,3,TCA
NM_001178771.1,44,46,279,281,3,TCA
NM_001178771.1,174,176,279,281,3,TCA
NM_001178771.1,249,251,297,299,3,TCT
NM_001178771.1,249,251,252,254,3,TCT
NM_001178771.1,37,39,297,299,3,TCT
NM_001178771.1,37,39,252,254,3,TCT
NM_001178771.1,37,39,213,215,3,TCT
NM_001178771.1,37,39,284,286,3,TCT
NM_001178771.1,37,39,229,231,3,TCT
NM_001178771.1,71,73,208,210,3,TGC
NM_001178771.1,181,183,323,325,3,TGC
NM_001178771.1,71,73,323,325,3,TGC
NM_001178771.1,239,241,323,325,3,TGC
NM_001178771.1,96,98,208,210,3,TGC
NM_001178771.1,194,196,323,325,3,TGC
NM_001178771.1,194,196,208,210,3,TGC
NM_001178771.1,152,154,312,314,3,TGG
NM_001178771.1,137,139,202,204,3,TGG
NM_001178771.1,152,154,202,204,3,TGG
NM_001178771.1,56,58,122,124,3,TGT
NM_001178771.1,56,58,282,284,3,TGT
NM_001178771.1,219,221,261,263,3,TGT
NM_001178771.1,56,58,261,263,3,TGT
NM_001178771.1,56,58,165,167,3,TGT
NM_001178771.1,56,58,200,202,3,TGT
NM_001178771.1,56,58,163,165,3,TGT
NM_001178771.1,179,181,261,263,3,TGT
NM_001178771.1,69,71,122,124,3,TGT
NM_001178771.1,69,71,282,284,3,TGT
NM_001178771.1,69,71,261,263,3,TGT
NM_001178771.1,69,71,165,167,3,TGT
NM_001178771.1,76,78,200,202,3,TGT
NM_001178771.1,76,78,163,165,3,TGT
NM_001178771.1,76,78,122,124,3,TGT
NM_001178771.1,76,78,282,284,3,TGT
NM_001178771.1,76,78,261,263,3,TGT
NM_001178771.1,76,78,165,167,3,TGT
NM_001178771.1,41,43,200,202,3,TGT
NM_001178771.1,41,43,163,165,3,TGT
NM_001178771.1,41,43,122,124,3,TGT
NM_001178771.1,41,43,282,284,3,TGT
NM_001178771.1,69,71,128,130,3,TGT
NM_001178771.1,56,58,128,130,3,TGT
NM_001178771.1,41,43,261,263,3,TGT
NM_001178771.1,41,43,165,167,3,TGT
NM_001178771.1,92,94,236,238,3,TTA
NM_001178771.1,92,94,158,160,3,TTA
NM_001178771.1,92,94,242,244,3,TTA
NM_001178771.1,78,80,90,92,3,TTA
NM_001178771.1,78,80,177,179,3,TTA
NM_001178771.1,78,80,236,238,3,TTA
NM_001178771.1,238,240,308,310,3,TTG
NM_001178771.1,11,13,207,209,3,TTG
NM_001178771.1,11,13,109,111,3,TTG
NM_001178771.1,11,13,101,103,3,TTG
NM_001178771.1,11,13,26,28,3,TTG
NM_001178771.1,293,295,308,310,3,TTG
NM_001178771.1,11,13,127,129,3,TTG
NM_001178771.1,40,42,109,111,3,TTG
NM_001178771.1,40,42,308,310,3,TTG
NM_001178771.1,40,42,101,103,3,TTG
NM_001178771.1,40,42,207,209,3,TTG
NM_001178771.1,40,42,86,88,3,TTG
