NM_074174.3,92,103,92,103,12,AGAACATGTTCT
NM_074174.3,280,282,297,299,3,AGA
NM_074174.3,92,94,112,114,3,AGA
NM_074174.3,280,282,287,289,3,AGA
NM_074174.3,92,94,178,180,3,AGA
NM_074174.3,135,137,178,180,3,AGA
NM_074174.3,135,137,300,302,3,AGA
NM_074174.3,135,137,142,144,3,AGA
NM_074174.3,248,250,287,289,3,AGA
NM_074174.3,248,250,297,299,3,AGA
NM_074174.3,182,184,287,289,3,AGA
NM_074174.3,182,184,297,299,3,AGA
NM_074174.3,203,205,287,289,3,AGA
NM_074174.3,203,205,297,299,3,AGA
NM_074174.3,182,184,300,302,3,AGA
NM_074174.3,203,205,300,302,3,AGA
NM_074174.3,187,190,270,273,4,AGCA
NM_074174.3,222,225,270,273,4,AGCA
NM_074174.3,219,222,270,273,4,AGCA
NM_074174.3,187,190,243,246,4,AGCA
NM_074174.3,222,225,243,246,4,AGCA
NM_074174.3,219,222,243,246,4,AGCA
NM_074174.3,184,186,241,243,3,ATC
NM_074174.3,184,186,232,234,3,ATC
NM_074174.3,205,207,252,254,3,ATC
NM_074174.3,69,71,241,243,3,ATC
NM_074174.3,69,71,232,234,3,ATC
NM_074174.3,69,71,172,174,3,ATC
NM_074174.3,69,71,252,254,3,ATC
NM_074174.3,205,207,249,251,3,ATC
NM_074174.3,184,186,249,251,3,ATC
NM_074174.3,35,37,164,166,3,ATC
NM_074174.3,193,195,204,206,3,ATC
NM_074174.3,35,37,241,243,3,ATC
NM_074174.3,35,37,232,234,3,ATC
NM_074174.3,35,37,172,174,3,ATC
NM_074174.3,35,37,252,254,3,ATC
NM_074174.3,1,3,268,270,3,ATG
NM_074174.3,7,9,268,270,3,ATG
NM_074174.3,242,244,268,270,3,ATG
NM_074174.3,173,175,268,270,3,ATG
NM_074174.3,233,235,268,270,3,ATG
NM_074174.3,250,252,268,270,3,ATG
NM_074174.3,1,3,292,294,3,ATG
NM_074174.3,269,271,292,294,3,ATG
NM_074174.3,46,48,268,270,3,ATG
NM_074174.3,226,228,268,270,3,ATG
NM_074174.3,46,48,292,294,3,ATG
NM_074174.3,46,48,192,194,3,ATG
NM_074174.3,226,228,292,294,3,ATG
NM_074174.3,1,3,96,98,3,ATG
NM_074174.3,97,99,292,294,3,ATG
NM_074174.3,97,99,192,194,3,ATG
NM_074174.3,7,9,96,98,3,ATG
NM_074174.3,253,255,268,270,3,ATG
NM_074174.3,192,196,231,235,5,CATCG
NM_074174.3,231,235,292,296,5,CGATG
NM_074174.3,240,244,292,296,5,CGATG
NM_074174.3,120,124,280,284,5,CTTCT
NM_074174.3,140,144,280,284,5,CTTCT
NM_074174.3,37,41,280,284,5,CTTCT
NM_074174.3,133,137,287,291,5,GAAGA
NM_074174.3,133,137,139,143,5,GAAGA
NM_074174.3,133,137,297,301,5,GAAGA
NM_074174.3,277,279,296,298,3,GAC
NM_074174.3,154,156,255,257,3,GAC
NM_074174.3,61,63,255,257,3,GAC
NM_074174.3,157,159,296,298,3,GAC
NM_074174.3,157,159,255,257,3,GAC
NM_074174.3,118,120,296,298,3,GAC
NM_074174.3,175,177,296,298,3,GAC
NM_074174.3,235,237,296,298,3,GAC
NM_074174.3,175,177,255,257,3,GAC
NM_074174.3,235,237,255,257,3,GAC
NM_074174.3,172,175,192,195,4,GATG
NM_074174.3,252,255,292,295,4,GATG
NM_074174.3,249,252,292,295,4,GATG
NM_074174.3,6,9,292,295,4,GATG
NM_074174.3,172,175,292,295,4,GATG
NM_074174.3,151,155,262,266,5,GCCGA
NM_074174.3,151,155,206,210,5,GCCGA
NM_074174.3,151,155,194,198,5,GCCGA
NM_074174.3,209,211,219,221,3,GCT
NM_074174.3,216,218,222,224,3,GCT
NM_074174.3,209,211,222,224,3,GCT
NM_074174.3,197,199,222,224,3,GCT
NM_074174.3,209,211,215,217,3,GCT
NM_074174.3,197,199,215,217,3,GCT
NM_074174.3,3,5,215,217,3,GCT
NM_074174.3,9,11,215,217,3,GCT
NM_074174.3,216,218,283,285,3,GCT
NM_074174.3,3,5,283,285,3,GCT
NM_074174.3,9,11,283,285,3,GCT
NM_074174.3,244,246,283,285,3,GCT
NM_074174.3,117,119,274,276,3,GGA
NM_074174.3,117,119,290,292,3,GGA
NM_074174.3,117,119,211,213,3,GGA
NM_074174.3,33,35,124,126,3,GGA
NM_074174.3,33,35,106,108,3,GGA
NM_074174.3,33,35,256,258,3,GGA
NM_074174.3,33,35,211,213,3,GGA
NM_074174.3,33,35,49,51,3,GGA
NM_074174.3,33,35,290,292,3,GGA
NM_074174.3,163,165,256,258,3,GGA
NM_074174.3,163,165,274,276,3,GGA
NM_074174.3,163,165,211,213,3,GGA
NM_074174.3,163,165,290,292,3,GGA
NM_074174.3,48,50,175,177,3,GTC
NM_074174.3,48,50,235,237,3,GTC
NM_074174.3,48,50,61,63,3,GTC
NM_074174.3,48,50,157,159,3,GTC
NM_074174.3,48,50,154,156,3,GTC
NM_074174.3,111,113,157,159,3,GTC
NM_074174.3,111,113,304,306,3,GTC
NM_074174.3,111,113,118,120,3,GTC
NM_074174.3,111,113,175,177,3,GTC
NM_074174.3,111,113,235,237,3,GTC
NM_074174.3,296,298,304,306,3,GTC
NM_074174.3,111,113,277,279,3,GTC
NM_074174.3,11,13,171,173,3,TCA
NM_074174.3,11,13,60,62,3,TCA
NM_074174.3,22,24,132,134,3,TCA
NM_074174.3,114,116,171,173,3,TCA
NM_074174.3,66,68,180,182,3,TCA
NM_074174.3,114,116,132,134,3,TCA
NM_074174.3,246,248,251,253,3,TCA
NM_074174.3,114,116,251,253,3,TCA
NM_074174.3,11,13,251,253,3,TCA
NM_074174.3,22,24,251,253,3,TCA
NM_074174.3,144,146,251,253,3,TCA
NM_074174.3,66,68,251,253,3,TCA
NM_074174.3,185,187,234,236,3,TCA
NM_074174.3,114,116,174,176,3,TCA
NM_074174.3,11,13,174,176,3,TCA
NM_074174.3,22,24,174,176,3,TCA
NM_074174.3,144,146,174,176,3,TCA
NM_074174.3,114,116,234,236,3,TCA
NM_074174.3,11,13,234,236,3,TCA
NM_074174.3,22,24,234,236,3,TCA
NM_074174.3,144,146,234,236,3,TCA
NM_074174.3,66,68,174,176,3,TCA
NM_074174.3,66,68,234,236,3,TCA
NM_074174.3,274,276,303,305,3,TCC
NM_074174.3,73,75,303,305,3,TCC
NM_074174.3,106,108,303,305,3,TCC
NM_074174.3,124,126,303,305,3,TCC
NM_074174.3,73,75,117,119,3,TCC
NM_074174.3,106,108,163,165,3,TCC
NM_074174.3,124,126,163,165,3,TCC
NM_074174.3,49,51,163,165,3,TCC
NM_074174.3,73,75,163,165,3,TCC
NM_074174.3,160,162,231,233,3,TCG
NM_074174.3,160,162,240,242,3,TCG
NM_074174.3,239,241,276,278,3,TCG
NM_074174.3,31,33,231,233,3,TCG
NM_074174.3,31,33,240,242,3,TCG
NM_074174.3,194,196,201,203,3,TCG
NM_074174.3,109,111,231,233,3,TCG
NM_074174.3,109,111,240,242,3,TCG
NM_074174.3,127,129,231,233,3,TCG
NM_074174.3,127,129,240,242,3,TCG
NM_074174.3,109,111,276,278,3,TCG
NM_074174.3,109,111,153,155,3,TCG
NM_074174.3,127,129,276,278,3,TCG
NM_074174.3,127,129,153,155,3,TCG
NM_074174.3,31,33,201,203,3,TCG
NM_074174.3,31,33,156,158,3,TCG
NM_074174.3,28,32,133,137,5,TCTTC
NM_074174.3,174,176,246,248,3,TGA
NM_074174.3,234,236,246,248,3,TGA
NM_074174.3,132,134,246,248,3,TGA
NM_074174.3,60,62,114,116,3,TGA
NM_074174.3,60,62,246,248,3,TGA
NM_074174.3,132,134,144,146,3,TGA
NM_074174.3,174,176,185,187,3,TGA
NM_074174.3,132,134,185,187,3,TGA
NM_074174.3,5,7,11,13,3,TGA
NM_074174.3,60,62,185,187,3,TGA
NM_074174.3,5,7,144,146,3,TGA
NM_074174.3,5,7,22,24,3,TGA
NM_074174.3,5,7,66,68,3,TGA
NM_074174.3,171,173,246,248,3,TGA
NM_074174.3,8,11,187,190,4,TGCT
NM_074174.3,8,11,222,225,4,TGCT
NM_074174.3,2,5,219,222,4,TGCT
NM_074174.3,8,11,219,222,4,TGCT
NM_074174.3,72,74,88,90,3,TTC
NM_074174.3,65,67,88,90,3,TTC
NM_074174.3,65,67,281,283,3,TTC
NM_074174.3,38,40,88,90,3,TTC
NM_074174.3,100,102,133,135,3,TTC
NM_074174.3,30,32,93,95,3,TTC
NM_074174.3,72,74,93,95,3,TTC
NM_074174.3,79,81,133,135,3,TTC
NM_066915.4,106,108,267,269,3,AAC
NM_066915.4,97,99,267,269,3,AAC
NM_066915.4,122,124,267,269,3,AAC
NM_066915.4,109,111,267,269,3,AAC
NM_066915.4,130,132,267,269,3,AAC
NM_066915.4,33,35,282,284,3,AAC
NM_066915.4,106,108,282,284,3,AAC
NM_066915.4,97,99,282,284,3,AAC
NM_066915.4,122,124,282,284,3,AAC
NM_066915.4,109,111,282,284,3,AAC
NM_066915.4,33,35,183,185,3,AAC
NM_066915.4,106,108,183,185,3,AAC
NM_066915.4,97,99,183,185,3,AAC
NM_066915.4,122,124,183,185,3,AAC
NM_066915.4,109,111,183,185,3,AAC
NM_066915.4,33,35,397,399,3,AAC
NM_066915.4,106,108,397,399,3,AAC
NM_066915.4,97,99,397,399,3,AAC
NM_066915.4,343,345,397,399,3,AAC
NM_066915.4,388,390,397,399,3,AAC
NM_066915.4,122,124,397,399,3,AAC
NM_066915.4,109,111,397,399,3,AAC
NM_066915.4,33,35,223,225,3,AAC
NM_066915.4,106,108,223,225,3,AAC
NM_066915.4,97,99,223,225,3,AAC
NM_066915.4,122,124,223,225,3,AAC
NM_066915.4,109,111,223,225,3,AAC
NM_066915.4,142,144,198,200,3,AAC
NM_066915.4,100,102,282,284,3,AAC
NM_066915.4,100,102,183,185,3,AAC
NM_066915.4,100,102,397,399,3,AAC
NM_066915.4,100,102,223,225,3,AAC
NM_066915.4,100,102,267,269,3,AAC
NM_066915.4,130,132,294,296,3,AAC
NM_066915.4,33,35,294,296,3,AAC
NM_066915.4,106,108,294,296,3,AAC
NM_066915.4,97,99,294,296,3,AAC
NM_066915.4,122,124,294,296,3,AAC
NM_066915.4,109,111,294,296,3,AAC
NM_066915.4,130,132,156,158,3,AAC
NM_066915.4,33,35,156,158,3,AAC
NM_066915.4,106,108,156,158,3,AAC
NM_066915.4,97,99,156,158,3,AAC
NM_066915.4,122,124,156,158,3,AAC
NM_066915.4,109,111,156,158,3,AAC
NM_066915.4,274,278,404,408,5,AAGAG
NM_066915.4,274,278,299,303,5,AAGAG
NM_066915.4,242,244,266,268,3,ACC
NM_066915.4,229,231,266,268,3,ACC
NM_066915.4,145,147,266,268,3,ACC
NM_066915.4,256,258,266,268,3,ACC
NM_066915.4,34,36,249,251,3,ACC
NM_066915.4,34,36,135,137,3,ACC
NM_066915.4,34,36,204,206,3,ACC
NM_066915.4,145,147,249,251,3,ACC
NM_066915.4,242,244,249,251,3,ACC
NM_066915.4,229,231,249,251,3,ACC
NM_066915.4,145,147,204,206,3,ACC
NM_066915.4,39,47,191,199,9,ACTCTTCCG
NM_066915.4,254,256,421,423,3,AGA
NM_066915.4,377,379,421,423,3,AGA
NM_066915.4,275,277,421,423,3,AGA
NM_066915.4,152,154,405,407,3,AGA
NM_066915.4,152,154,300,302,3,AGA
NM_066915.4,195,197,421,423,3,AGA
NM_066915.4,140,142,405,407,3,AGA
NM_066915.4,140,142,300,302,3,AGA
NM_066915.4,195,197,225,227,3,AGA
NM_066915.4,152,154,210,212,3,AGA
NM_066915.4,140,142,210,212,3,AGA
NM_066915.4,356,358,405,407,3,AGA
NM_066915.4,277,279,405,407,3,AGA
NM_066915.4,277,279,300,302,3,AGA
NM_066915.4,277,279,421,423,3,AGA
NM_066915.4,88,95,88,95,8,AGCATGCT
NM_066915.4,121,123,319,321,3,CAA
NM_066915.4,108,110,319,321,3,CAA
NM_066915.4,99,101,319,321,3,CAA
NM_066915.4,105,107,319,321,3,CAA
NM_066915.4,96,98,319,321,3,CAA
NM_066915.4,129,131,319,321,3,CAA
NM_066915.4,121,123,212,214,3,CAA
NM_066915.4,108,110,212,214,3,CAA
NM_066915.4,99,101,212,214,3,CAA
NM_066915.4,32,34,212,214,3,CAA
NM_066915.4,121,123,233,235,3,CAA
NM_066915.4,108,110,233,235,3,CAA
NM_066915.4,99,101,233,235,3,CAA
NM_066915.4,207,209,319,321,3,CAA
NM_066915.4,32,34,233,235,3,CAA
NM_066915.4,390,392,401,403,3,CAC
NM_066915.4,241,243,401,403,3,CAC
NM_066915.4,144,146,401,403,3,CAC
NM_066915.4,333,335,401,403,3,CAC
NM_066915.4,393,395,401,403,3,CAC
NM_066915.4,119,121,401,403,3,CAC
NM_066915.4,331,333,401,403,3,CAC
NM_066915.4,228,230,401,403,3,CAC
NM_066915.4,85,87,401,403,3,CAC
NM_066915.4,325,327,401,403,3,CAC
NM_066915.4,85,87,115,117,3,CAC
NM_066915.4,21,23,401,403,3,CAC
NM_066915.4,21,23,115,117,3,CAC
NM_066915.4,285,287,401,403,3,CAC
NM_066915.4,297,299,401,403,3,CAC
NM_066915.4,363,370,363,370,8,CATCGATG
NM_066915.4,243,245,320,322,3,CCA
NM_066915.4,150,152,320,322,3,CCA
NM_066915.4,31,33,73,75,3,CCA
NM_066915.4,392,394,426,428,3,CCA
NM_066915.4,243,245,426,428,3,CCA
NM_066915.4,118,120,426,428,3,CCA
NM_066915.4,230,232,320,322,3,CCA
NM_066915.4,362,364,426,428,3,CCA
NM_066915.4,230,232,426,428,3,CCA
NM_066915.4,16,18,24,26,3,CCA
NM_066915.4,16,18,320,322,3,CCA
NM_066915.4,16,18,426,428,3,CCA
NM_066915.4,67,69,73,75,3,CCA
NM_066915.4,67,69,426,428,3,CCA
NM_066915.4,35,38,190,193,4,CCGG
NM_066915.4,190,193,190,193,4,CCGG
NM_066915.4,380,383,380,383,4,CCGG
NM_066915.4,35,38,380,383,4,CCGG
NM_066915.4,380,383,467,470,4,CCGG
NM_066915.4,467,470,467,470,4,CCGG
NM_066915.4,35,38,467,470,4,CCGG
NM_066915.4,35,38,35,38,4,CCGG
NM_066915.4,190,193,467,470,4,CCGG
NM_066915.4,171,178,171,178,8,CGACGTCG
NM_066915.4,40,44,274,278,5,CTCTT
NM_066915.4,42,46,348,352,5,CTTCC
NM_066915.4,301,305,348,352,5,CTTCC
NM_066915.4,201,204,406,409,4,GAAG
NM_066915.4,201,204,301,304,4,GAAG
NM_066915.4,349,352,419,422,4,GAAG
NM_066915.4,193,196,419,422,4,GAAG
NM_066915.4,153,156,406,409,4,GAAG
NM_066915.4,153,156,301,304,4,GAAG
NM_066915.4,201,204,419,422,4,GAAG
NM_066915.4,239,242,435,438,4,GACA
NM_066915.4,428,431,435,438,4,GACA
NM_066915.4,218,221,435,438,4,GACA
NM_066915.4,58,61,435,438,4,GACA
NM_066915.4,58,61,162,165,4,GACA
NM_066915.4,139,141,404,406,3,GAG
NM_066915.4,276,278,371,373,3,GAG
NM_066915.4,276,278,384,386,3,GAG
NM_066915.4,139,141,371,373,3,GAG
NM_066915.4,139,141,384,386,3,GAG
NM_066915.4,276,278,323,325,3,GAG
NM_066915.4,139,141,323,325,3,GAG
NM_066915.4,55,57,404,406,3,GAG
NM_066915.4,247,249,404,406,3,GAG
NM_066915.4,133,135,404,406,3,GAG
NM_066915.4,55,57,371,373,3,GAG
NM_066915.4,55,57,384,386,3,GAG
NM_066915.4,247,249,371,373,3,GAG
NM_066915.4,247,249,384,386,3,GAG
NM_066915.4,133,135,371,373,3,GAG
NM_066915.4,133,135,384,386,3,GAG
NM_066915.4,55,57,94,96,3,GAG
NM_066915.4,55,57,323,325,3,GAG
NM_066915.4,55,57,77,79,3,GAG
NM_066915.4,55,57,127,129,3,GAG
NM_066915.4,55,57,226,228,3,GAG
NM_066915.4,247,249,323,325,3,GAG
NM_066915.4,133,135,323,325,3,GAG
NM_066915.4,133,135,226,228,3,GAG
NM_066915.4,235,237,404,406,3,GAG
NM_066915.4,214,216,404,406,3,GAG
NM_066915.4,235,237,371,373,3,GAG
NM_066915.4,235,237,384,386,3,GAG
NM_066915.4,214,216,371,373,3,GAG
NM_066915.4,214,216,384,386,3,GAG
NM_066915.4,55,57,299,301,3,GAG
NM_066915.4,247,249,299,301,3,GAG
NM_066915.4,133,135,299,301,3,GAG
NM_066915.4,259,261,299,301,3,GAG
NM_066915.4,139,141,299,301,3,GAG
NM_066915.4,196,198,371,373,3,GAG
NM_066915.4,196,198,384,386,3,GAG
NM_066915.4,235,237,299,301,3,GAG
NM_066915.4,214,216,299,301,3,GAG
NM_066915.4,196,198,323,325,3,GAG
NM_066915.4,196,198,226,228,3,GAG
NM_066915.4,276,278,287,289,3,GAG
NM_066915.4,235,237,287,289,3,GAG
NM_066915.4,214,216,287,289,3,GAG
NM_066915.4,357,360,363,366,4,GATG
NM_066915.4,63,66,363,366,4,GATG
NM_066915.4,357,360,449,452,4,GATG
NM_066915.4,367,370,449,452,4,GATG
NM_066915.4,63,66,449,452,4,GATG
NM_066915.4,63,66,111,114,4,GATG
NM_066915.4,63,66,327,330,4,GATG
NM_066915.4,76,78,125,127,3,GCT
NM_066915.4,93,95,125,127,3,GCT
NM_066915.4,76,78,80,82,3,GCT
NM_066915.4,126,128,271,273,3,GCT
NM_066915.4,168,170,271,273,3,GCT
NM_066915.4,126,128,454,456,3,GCT
NM_066915.4,168,170,454,456,3,GCT
NM_066915.4,76,78,271,273,3,GCT
NM_066915.4,322,324,454,456,3,GCT
NM_066915.4,76,78,454,456,3,GCT
NM_066915.4,383,385,454,456,3,GCT
NM_066915.4,76,78,88,90,3,GCT
NM_066915.4,76,78,167,169,3,GCT
NM_066915.4,93,95,167,169,3,GCT
NM_066915.4,126,128,446,448,3,GCT
NM_066915.4,168,170,446,448,3,GCT
NM_066915.4,126,128,188,190,3,GCT
NM_066915.4,168,170,188,190,3,GCT
NM_066915.4,433,435,446,448,3,GCT
NM_066915.4,424,426,446,448,3,GCT
NM_066915.4,93,95,446,448,3,GCT
NM_066915.4,370,372,446,448,3,GCT
NM_066915.4,403,405,446,448,3,GCT
NM_066915.4,93,95,188,190,3,GCT
NM_066915.4,126,128,473,475,3,GCT
NM_066915.4,168,170,473,475,3,GCT
NM_066915.4,433,435,473,475,3,GCT
NM_066915.4,322,324,473,475,3,GCT
NM_066915.4,76,78,473,475,3,GCT
NM_066915.4,383,385,473,475,3,GCT
NM_066915.4,192,199,298,305,8,GGAAGAGT
NM_066915.4,249,251,466,468,3,GGT
NM_066915.4,204,206,466,468,3,GGT
NM_066915.4,135,137,466,468,3,GGT
NM_066915.4,249,251,394,396,3,GGT
NM_066915.4,204,206,394,396,3,GGT
NM_066915.4,135,137,394,396,3,GGT
NM_066915.4,249,251,334,336,3,GGT
NM_066915.4,204,206,334,336,3,GGT
NM_066915.4,135,137,334,336,3,GGT
NM_066915.4,135,137,145,147,3,GGT
NM_066915.4,249,251,439,441,3,GGT
NM_066915.4,204,206,439,441,3,GGT
NM_066915.4,135,137,439,441,3,GGT
NM_066915.4,204,206,229,231,3,GGT
NM_066915.4,135,137,229,231,3,GGT
NM_066915.4,249,251,457,459,3,GGT
NM_066915.4,204,206,457,459,3,GGT
NM_066915.4,135,137,457,459,3,GGT
NM_066915.4,249,251,460,462,3,GGT
NM_066915.4,204,206,460,462,3,GGT
NM_066915.4,135,137,460,462,3,GGT
NM_066915.4,249,251,463,465,3,GGT
NM_066915.4,204,206,463,465,3,GGT
NM_066915.4,135,137,463,465,3,GGT
NM_066915.4,204,206,242,244,3,GGT
NM_066915.4,135,137,242,244,3,GGT
NM_066915.4,249,251,391,393,3,GGT
NM_066915.4,204,206,391,393,3,GGT
NM_066915.4,135,137,391,393,3,GGT
NM_066915.4,266,268,466,468,3,GGT
NM_066915.4,266,268,394,396,3,GGT
NM_066915.4,266,268,334,336,3,GGT
NM_066915.4,266,268,379,381,3,GGT
NM_066915.4,266,268,457,459,3,GGT
NM_066915.4,266,268,460,462,3,GGT
NM_066915.4,266,268,463,465,3,GGT
NM_066915.4,266,268,391,393,3,GGT
NM_066915.4,266,268,361,363,3,GGT
NM_066915.4,29,31,360,362,3,GTC
NM_066915.4,250,252,310,312,3,GTC
NM_066915.4,205,207,310,312,3,GTC
NM_066915.4,163,165,310,312,3,GTC
NM_066915.4,83,85,428,430,3,GTC
NM_066915.4,337,339,428,430,3,GTC
NM_066915.4,83,85,218,220,3,GTC
NM_066915.4,83,85,239,241,3,GTC
NM_066915.4,83,85,353,355,3,GTC
NM_066915.4,337,339,353,355,3,GTC
NM_066915.4,250,252,428,430,3,GTC
NM_066915.4,205,207,428,430,3,GTC
NM_066915.4,205,207,218,220,3,GTC
NM_066915.4,205,207,239,241,3,GTC
NM_066915.4,250,252,353,355,3,GTC
NM_066915.4,205,207,353,355,3,GTC
NM_066915.4,29,31,316,318,3,GTC
NM_066915.4,83,85,316,318,3,GTC
NM_066915.4,29,31,49,51,3,GTC
NM_066915.4,250,252,316,318,3,GTC
NM_066915.4,205,207,316,318,3,GTC
NM_066915.4,163,165,316,318,3,GTC
NM_066915.4,313,315,360,362,3,GTC
NM_066915.4,175,177,360,362,3,GTC
NM_066915.4,313,315,428,430,3,GTC
NM_066915.4,313,315,353,355,3,GTC
NM_066915.4,163,165,172,174,3,GTC
NM_066915.4,175,177,428,430,3,GTC
NM_066915.4,175,177,218,220,3,GTC
NM_066915.4,175,177,239,241,3,GTC
NM_066915.4,175,177,353,355,3,GTC
NM_066915.4,136,138,310,312,3,GTC
NM_066915.4,136,138,428,430,3,GTC
NM_066915.4,136,138,218,220,3,GTC
NM_066915.4,136,138,239,241,3,GTC
NM_066915.4,136,138,353,355,3,GTC
NM_066915.4,175,177,255,257,3,GTC
NM_066915.4,29,31,255,257,3,GTC
NM_066915.4,83,85,255,257,3,GTC
NM_066915.4,313,315,378,380,3,GTC
NM_066915.4,175,177,378,380,3,GTC
NM_066915.4,29,31,378,380,3,GTC
NM_066915.4,83,85,378,380,3,GTC
NM_066915.4,337,339,378,380,3,GTC
NM_066915.4,163,165,255,257,3,GTC
NM_066915.4,163,165,378,380,3,GTC
NM_066915.4,3,5,316,318,3,GTC
NM_066915.4,3,5,49,51,3,GTC
NM_066915.4,3,5,38,40,3,GTC
NM_066915.4,3,5,172,174,3,GTC
NM_066915.4,3,5,310,312,3,GTC
NM_066915.4,3,5,360,362,3,GTC
NM_066915.4,161,165,428,432,5,GTGTC
NM_066915.4,161,165,218,222,5,GTGTC
NM_066915.4,161,165,239,243,5,GTGTC
NM_066915.4,198,202,341,345,5,GTTGA
NM_066915.4,128,132,198,202,5,TCAAC
NM_066915.4,95,99,198,202,5,TCAAC
NM_066915.4,329,331,469,471,3,TCC
NM_066915.4,413,415,469,471,3,TCC
NM_066915.4,451,453,469,471,3,TCC
NM_066915.4,372,374,469,471,3,TCC
NM_066915.4,385,387,469,471,3,TCC
NM_066915.4,44,46,217,219,3,TCC
NM_066915.4,44,46,238,240,3,TCC
NM_066915.4,44,46,427,429,3,TCC
NM_066915.4,30,32,192,194,3,TCC
NM_066915.4,30,32,469,471,3,TCC
NM_066915.4,329,331,352,354,3,TCC
NM_066915.4,44,46,57,59,3,TCC
NM_066915.4,44,46,352,354,3,TCC
NM_066915.4,303,305,352,354,3,TCC
NM_066915.4,44,46,309,311,3,TCC
NM_066915.4,303,305,309,311,3,TCC
NM_066915.4,329,331,348,350,3,TCC
NM_066915.4,30,32,348,350,3,TCC
NM_066915.4,170,177,310,317,8,TCGACGTC
NM_066915.4,4,7,274,277,4,TCTT
NM_066915.4,41,44,253,256,4,TCTT
NM_066915.4,210,213,376,379,4,TCTT
NM_066915.4,300,303,376,379,4,TCTT
NM_066915.4,41,44,376,379,4,TCTT
NM_066915.4,92,95,454,457,4,TGCT
NM_066915.4,369,372,454,457,4,TGCT
NM_066915.4,92,95,271,274,4,TGCT
NM_066915.4,92,95,473,476,4,TGCT
NM_066915.4,369,372,473,476,4,TGCT
NM_066915.4,423,426,473,476,4,TGCT
NM_066915.4,426,428,448,450,3,TGG
NM_066915.4,24,26,330,332,3,TGG
NM_066915.4,24,26,414,416,3,TGG
NM_066915.4,24,26,409,411,3,TGG
NM_066915.4,24,26,304,306,3,TGG
NM_066915.4,24,26,31,33,3,TGG
NM_066915.4,24,26,373,375,3,TGG
NM_066915.4,24,26,386,388,3,TGG
NM_066915.4,320,322,452,454,3,TGG
NM_066915.4,320,322,330,332,3,TGG
NM_066915.4,320,322,414,416,3,TGG
NM_066915.4,73,75,448,450,3,TGG
NM_066915.4,73,75,118,120,3,TGG
NM_066915.4,73,75,330,332,3,TGG
NM_066915.4,73,75,414,416,3,TGG
NM_066915.4,73,75,409,411,3,TGG
NM_066915.4,73,75,304,306,3,TGG
NM_066915.4,73,75,373,375,3,TGG
NM_066915.4,73,75,386,388,3,TGG
NM_066915.4,320,322,441,443,3,TGG
NM_066915.4,73,75,362,364,3,TGG
NM_066915.4,24,26,362,364,3,TGG
NM_066915.4,73,75,230,232,3,TGG
NM_066915.4,24,26,230,232,3,TGG
NM_066915.4,320,322,362,364,3,TGG
NM_066915.4,73,75,458,460,3,TGG
NM_066915.4,24,26,458,460,3,TGG
NM_066915.4,426,428,458,460,3,TGG
NM_066915.4,73,75,461,463,3,TGG
NM_066915.4,24,26,461,463,3,TGG
NM_066915.4,426,428,461,463,3,TGG
NM_066915.4,73,75,464,466,3,TGG
NM_066915.4,24,26,464,466,3,TGG
NM_066915.4,426,428,464,466,3,TGG
NM_066915.4,73,75,243,245,3,TGG
NM_066915.4,24,26,243,245,3,TGG
NM_066915.4,73,75,392,394,3,TGG
NM_066915.4,24,26,392,394,3,TGG
NM_066915.4,320,322,458,460,3,TGG
NM_066915.4,320,322,461,463,3,TGG
NM_066915.4,320,322,464,466,3,TGG
NM_066915.4,320,322,392,394,3,TGG
NM_066915.4,162,165,353,356,4,TGTC
NM_066915.4,2,5,353,356,4,TGTC
NM_066915.4,2,5,428,431,4,TGTC
NM_066915.4,2,5,218,221,4,TGTC
NM_066915.4,2,5,239,242,4,TGTC
NM_066915.4,184,186,193,195,3,TTC
NM_066915.4,184,186,349,351,3,TTC
NM_066915.4,283,285,349,351,3,TTC
NM_066915.4,295,297,349,351,3,TTC
NM_066915.4,268,270,349,351,3,TTC
NM_066915.4,103,105,470,472,3,TTC
NM_066915.4,184,186,470,472,3,TTC
NM_066915.4,283,285,470,472,3,TTC
NM_066915.4,295,297,470,472,3,TTC
NM_066915.4,268,270,470,472,3,TTC
NM_066915.4,52,54,470,472,3,TTC
NM_066915.4,398,400,470,472,3,TTC
NM_066915.4,398,400,444,446,3,TTC
NM_066915.4,184,186,444,446,3,TTC
NM_066915.4,283,285,444,446,3,TTC
NM_066915.4,295,297,444,446,3,TTC
NM_066915.4,268,270,444,446,3,TTC
NM_066915.4,6,8,470,472,3,TTC
NM_066915.4,420,422,470,472,3,TTC
NM_066915.4,224,226,349,351,3,TTC
NM_066915.4,52,54,141,143,3,TTC
NM_066915.4,43,45,141,143,3,TTC
NM_066915.4,103,105,141,143,3,TTC
NM_066915.4,157,159,193,195,3,TTC
NM_066915.4,157,159,349,351,3,TTC
NM_066915.4,157,159,201,203,3,TTC
NM_066915.4,224,226,470,472,3,TTC
NM_066915.4,157,159,470,472,3,TTC
NM_066915.4,199,202,206,209,4,TTGA
NM_066915.4,199,202,251,254,4,TTGA
NM_066915.4,233,236,251,254,4,TTGA
NM_066915.4,233,236,341,344,4,TTGA
NM_066915.4,212,215,341,344,4,TTGA
NM_075619.6,199,203,344,348,5,AAACT
NM_075619.6,199,203,326,330,5,AAACT
NM_075619.6,466,470,524,528,5,AACAT
NM_075619.6,233,237,254,258,5,AAGAA
NM_075619.6,280,282,594,596,3,AAT
NM_075619.6,450,452,594,596,3,AAT
NM_075619.6,133,135,594,596,3,AAT
NM_075619.6,280,282,626,628,3,AAT
NM_075619.6,450,452,626,628,3,AAT
NM_075619.6,133,135,626,628,3,AAT
NM_075619.6,546,548,626,628,3,AAT
NM_075619.6,483,485,626,628,3,AAT
NM_075619.6,217,219,626,628,3,AAT
NM_075619.6,276,278,296,298,3,ACC
NM_075619.6,197,201,347,351,5,AGAAA
NM_075619.6,99,104,132,137,6,AGATTT
NM_075619.6,60,65,132,137,6,AGATTT
NM_075619.6,305,307,441,443,3,AGG
NM_075619.6,188,190,453,455,3,AGG
NM_075619.6,389,391,441,443,3,AGG
NM_075619.6,229,231,579,581,3,AGG
NM_075619.6,389,391,579,581,3,AGG
NM_075619.6,188,190,579,581,3,AGG
NM_075619.6,212,214,579,581,3,AGG
NM_075619.6,209,211,579,581,3,AGG
NM_075619.6,323,325,579,581,3,AGG
NM_075619.6,229,231,453,455,3,AGG
NM_075619.6,326,330,354,358,5,AGTTT
NM_075619.6,344,348,354,358,5,AGTTT
NM_075619.6,93,99,138,144,7,ATCCGGA
NM_075619.6,169,173,597,601,5,ATCTC
NM_075619.6,53,59,280,286,7,ATGGATT
NM_075619.6,397,401,623,627,5,ATGTT
NM_075619.6,524,528,623,627,5,ATGTT
NM_075619.6,397,401,466,470,5,ATGTT
NM_075619.6,218,220,616,618,3,ATT
NM_075619.6,218,220,546,548,3,ATT
NM_075619.6,218,220,483,485,3,ATT
NM_075619.6,101,103,217,219,3,ATT
NM_075619.6,62,64,217,219,3,ATT
NM_075619.6,101,103,616,618,3,ATT
NM_075619.6,62,64,616,618,3,ATT
NM_075619.6,106,108,280,282,3,ATT
NM_075619.6,106,108,133,135,3,ATT
NM_075619.6,106,108,450,452,3,ATT
NM_075619.6,57,59,217,219,3,ATT
NM_075619.6,57,59,616,618,3,ATT
NM_075619.6,302,305,328,331,4,CAAA
NM_075619.6,278,281,328,331,4,CAAA
NM_075619.6,162,168,315,321,7,CAAGCAT
NM_075619.6,468,471,603,606,4,CATG
NM_075619.6,603,606,603,606,4,CATG
NM_075619.6,284,287,603,606,4,CATG
NM_075619.6,284,287,284,287,4,CATG
NM_075619.6,468,471,499,502,4,CATG
NM_075619.6,284,287,499,502,4,CATG
NM_075619.6,499,502,603,606,4,CATG
NM_075619.6,499,502,499,502,4,CATG
NM_075619.6,468,471,468,471,4,CATG
NM_075619.6,284,287,468,471,4,CATG
NM_075619.6,277,279,631,633,3,CCA
NM_075619.6,360,362,631,633,3,CCA
NM_075619.6,550,552,631,633,3,CCA
NM_075619.6,444,446,631,633,3,CCA
NM_075619.6,222,224,631,633,3,CCA
NM_075619.6,274,276,294,296,3,CCA
NM_075619.6,274,276,320,322,3,CCA
NM_075619.6,387,389,631,633,3,CCA
NM_075619.6,289,291,631,633,3,CCA
NM_075619.6,289,291,320,322,3,CCA
NM_075619.6,592,594,631,633,3,CCA
NM_075619.6,387,389,618,620,3,CCA
NM_075619.6,277,279,618,620,3,CCA
NM_075619.6,360,362,618,620,3,CCA
NM_075619.6,289,291,618,620,3,CCA
NM_075619.6,550,552,618,620,3,CCA
NM_075619.6,529,531,618,620,3,CCA
NM_075619.6,444,446,618,620,3,CCA
NM_075619.6,222,224,618,620,3,CCA
NM_075619.6,91,93,631,633,3,CCA
NM_075619.6,498,500,631,633,3,CCA
NM_075619.6,602,604,631,633,3,CCA
NM_075619.6,283,285,631,633,3,CCA
NM_075619.6,91,93,174,176,3,CCA
NM_075619.6,91,93,294,296,3,CCA
NM_075619.6,283,285,294,296,3,CCA
NM_075619.6,91,93,183,185,3,CCA
NM_075619.6,259,261,295,297,3,CCC
NM_075619.6,11,13,140,142,3,CCG
NM_075619.6,11,13,96,98,3,CCG
NM_075619.6,11,13,36,38,3,CCG
NM_075619.6,260,262,312,314,3,CCG
NM_075619.6,441,443,585,587,3,CCT
NM_075619.6,384,386,628,630,3,CGA
NM_075619.6,411,413,628,630,3,CGA
NM_075619.6,411,413,534,536,3,CGA
NM_075619.6,270,272,628,630,3,CGA
NM_075619.6,186,188,628,630,3,CGA
NM_075619.6,516,518,628,630,3,CGA
NM_075619.6,516,518,534,536,3,CGA
NM_075619.6,411,413,485,487,3,CGA
NM_075619.6,261,263,540,542,3,CGC
NM_075619.6,72,74,383,385,3,CGC
NM_075619.6,72,74,269,271,3,CGC
NM_075619.6,486,488,540,542,3,CGC
NM_075619.6,535,537,540,542,3,CGC
NM_075619.6,261,263,507,509,3,CGC
NM_075619.6,72,74,185,187,3,CGC
NM_075619.6,312,314,410,412,3,CGG
NM_075619.6,96,98,410,412,3,CGG
NM_075619.6,140,142,410,412,3,CGG
NM_075619.6,96,98,574,576,3,CGG
NM_075619.6,140,142,574,576,3,CGG
NM_075619.6,36,38,574,576,3,CGG
NM_075619.6,96,98,260,262,3,CGG
NM_075619.6,140,142,260,262,3,CGG
NM_075619.6,36,38,260,262,3,CGG
NM_075619.6,6,8,574,576,3,CGG
NM_075619.6,6,8,11,13,3,CGG
NM_075619.6,6,8,139,141,3,CGG
NM_075619.6,6,8,95,97,3,CGG
NM_075619.6,6,8,260,262,3,CGG
NM_075619.6,47,49,351,353,3,CTA
NM_075619.6,47,49,245,247,3,CTA
NM_075619.6,47,49,59,61,3,CTA
NM_075619.6,422,425,435,438,4,CTCA
NM_075619.6,117,120,207,210,4,CTCA
NM_075619.6,422,425,519,522,4,CTCA
NM_075619.6,117,120,519,522,4,CTCA
NM_075619.6,112,115,435,438,4,CTCA
NM_075619.6,112,115,207,210,4,CTCA
NM_075619.6,555,558,596,599,4,CTCA
NM_075619.6,147,152,322,327,6,CTCCTC
NM_075619.6,147,152,208,213,6,CTCCTC
NM_075619.6,145,151,585,591,7,CTCTCCT
NM_075619.6,202,207,416,421,6,CTTCTT
NM_075619.6,202,207,610,615,6,CTTCTT
NM_075619.6,205,209,582,586,5,CTTGA
NM_075619.6,81,85,488,492,5,CTTTG
NM_075619.6,17,21,564,568,5,CTTTG
NM_075619.6,17,21,302,306,5,CTTTG
NM_075619.6,67,72,345,350,6,GAAAAC
NM_075619.6,331,336,345,350,6,GAAAAC
NM_075619.6,193,197,525,529,5,GAACA
NM_075619.6,193,197,398,402,5,GAACA
NM_075619.6,307,311,398,402,5,GAACA
NM_075619.6,235,238,256,259,4,GAAG
NM_075619.6,235,238,580,583,4,GAAG
NM_075619.6,492,495,580,583,4,GAAG
NM_075619.6,418,421,580,583,4,GAAG
NM_075619.6,509,512,580,583,4,GAAG
NM_075619.6,247,249,533,535,3,GAC
NM_075619.6,214,216,533,535,3,GAC
NM_075619.6,502,504,533,535,3,GAC
NM_075619.6,247,249,430,432,3,GAC
NM_075619.6,214,216,430,432,3,GAC
NM_075619.6,79,81,533,535,3,GAC
NM_075619.6,79,81,430,432,3,GAC
NM_075619.6,427,429,438,440,3,GAC
NM_075619.6,247,249,438,440,3,GAC
NM_075619.6,427,429,568,570,3,GAC
NM_075619.6,247,249,568,570,3,GAC
NM_075619.6,124,126,533,535,3,GAC
NM_075619.6,214,216,568,570,3,GAC
NM_075619.6,385,387,438,440,3,GAC
NM_075619.6,385,387,568,570,3,GAC
NM_075619.6,385,387,430,432,3,GAC
NM_075619.6,98,102,169,173,5,GAGAT
NM_075619.6,98,102,115,119,5,GAGAT
NM_075619.6,98,102,143,147,5,GAGAT
NM_075619.6,98,102,110,114,5,GAGAT
NM_075619.6,109,115,596,602,7,GATCTCA
NM_075619.6,61,67,277,283,7,GATTTGG
NM_075619.6,231,233,339,341,3,GCA
NM_075619.6,364,366,408,410,3,GCA
NM_075619.6,231,233,382,384,3,GCA
NM_075619.6,231,233,268,270,3,GCA
NM_075619.6,340,342,408,410,3,GCA
NM_075619.6,43,45,408,410,3,GCA
NM_075619.6,231,233,376,378,3,GCA
NM_075619.6,165,167,382,384,3,GCA
NM_075619.6,165,167,268,270,3,GCA
NM_075619.6,165,167,408,410,3,GCA
NM_075619.6,393,395,408,410,3,GCA
NM_075619.6,231,233,316,318,3,GCA
NM_075619.6,165,167,376,378,3,GCA
NM_075619.6,165,167,339,341,3,GCA
NM_075619.6,43,45,316,318,3,GCA
NM_075619.6,262,264,408,410,3,GCA
NM_075619.6,262,264,376,378,3,GCA
NM_075619.6,262,264,339,341,3,GCA
NM_075619.6,43,45,286,288,3,GCA
NM_075619.6,364,366,605,607,3,GCA
NM_075619.6,559,561,605,607,3,GCA
NM_075619.6,364,366,470,472,3,GCA
NM_075619.6,377,379,382,384,3,GCA
NM_075619.6,487,489,605,607,3,GCA
NM_075619.6,536,538,605,607,3,GCA
NM_075619.6,377,379,408,410,3,GCA
NM_075619.6,231,233,605,607,3,GCA
NM_075619.6,231,233,470,472,3,GCA
NM_075619.6,10,12,184,186,3,GCC
NM_075619.6,185,187,474,476,3,GCG
NM_075619.6,383,385,474,476,3,GCG
NM_075619.6,269,271,474,476,3,GCG
NM_075619.6,185,187,261,263,3,GCG
NM_075619.6,97,101,146,150,5,GGAGA
NM_075619.6,76,80,146,150,5,GGAGA
NM_075619.6,141,147,597,603,7,GGATCTC
NM_075619.6,230,232,273,275,3,GGC
NM_075619.6,230,232,591,593,3,GGC
NM_075619.6,184,186,409,411,3,GGC
NM_075619.6,184,186,287,289,3,GGC
NM_075619.6,189,191,573,575,3,GGG
NM_075619.6,295,297,440,442,3,GGG
NM_075619.6,189,191,288,290,3,GGG
NM_075619.6,7,9,578,580,3,GGT
NM_075619.6,7,9,359,361,3,GGT
NM_075619.6,175,177,578,580,3,GGT
NM_075619.6,296,298,578,580,3,GGT
NM_075619.6,7,9,572,574,3,GGT
NM_075619.6,296,298,359,361,3,GGT
NM_075619.6,175,177,572,574,3,GGT
NM_075619.6,21,23,578,580,3,GGT
NM_075619.6,7,9,386,388,3,GGT
NM_075619.6,296,298,386,388,3,GGT
NM_075619.6,244,246,577,579,3,GTA
NM_075619.6,522,524,577,579,3,GTA
NM_075619.6,438,440,502,504,3,GTC
NM_075619.6,160,162,214,216,3,GTC
NM_075619.6,160,162,385,387,3,GTC
NM_075619.6,34,36,124,126,3,GTC
NM_075619.6,34,36,79,81,3,GTC
NM_075619.6,160,162,427,429,3,GTC
NM_075619.6,34,36,427,429,3,GTC
NM_075619.6,160,162,247,249,3,GTC
NM_075619.6,13,18,352,357,6,GTTTCT
NM_075619.6,13,18,197,202,6,GTTTCT
NM_075619.6,345,351,459,465,7,GTTTTCT
NM_075619.6,358,360,522,524,3,TAC
NM_075619.6,265,267,576,578,3,TAC
NM_075619.6,358,360,576,578,3,TAC
NM_075619.6,30,32,576,578,3,TAC
NM_075619.6,351,353,476,478,3,TAG
NM_075619.6,245,247,476,478,3,TAG
NM_075619.6,351,353,357,359,3,TAG
NM_075619.6,59,61,357,359,3,TAG
NM_075619.6,48,50,395,397,3,TAT
NM_075619.6,48,50,167,169,3,TAT
NM_075619.6,168,170,264,266,3,TAT
NM_075619.6,48,50,264,266,3,TAT
NM_075619.6,423,427,454,458,5,TCAAG
NM_075619.6,161,165,205,209,5,TCAAG
NM_075619.6,161,165,454,458,5,TCAAG
NM_075619.6,282,285,320,323,4,TCCA
NM_075619.6,90,93,177,180,4,TCCA
NM_075619.6,90,93,156,159,4,TCCA
NM_075619.6,90,93,320,323,4,TCCA
NM_075619.6,94,99,94,99,6,TCCGGA
NM_075619.6,138,143,138,143,6,TCCGGA
NM_075619.6,5,7,270,272,3,TCG
NM_075619.6,5,7,186,188,3,TCG
NM_075619.6,5,7,384,386,3,TCG
NM_075619.6,5,7,508,510,3,TCG
NM_075619.6,35,37,270,272,3,TCG
NM_075619.6,35,37,186,188,3,TCG
NM_075619.6,35,37,508,510,3,TCG
NM_075619.6,146,150,190,194,5,TCTCC
NM_075619.6,135,139,609,613,5,TCTTC
NM_075619.6,135,139,612,616,5,TCTTC
NM_075619.6,135,139,457,461,5,TCTTC
NM_075619.6,204,210,422,428,7,TCTTGAG
NM_075619.6,129,132,298,301,4,TGAA
NM_075619.6,129,132,400,403,4,TGAA
NM_075619.6,129,132,543,546,4,TGAA
NM_075619.6,239,242,400,403,4,TGAA
NM_075619.6,239,242,543,546,4,TGAA
NM_075619.6,129,132,581,584,4,TGAA
NM_075619.6,239,242,581,584,4,TGAA
NM_075619.6,519,522,555,558,4,TGAG
NM_075619.6,435,438,555,558,4,TGAG
NM_075619.6,207,210,555,558,4,TGAG
NM_075619.6,339,342,339,342,4,TGCA
NM_075619.6,42,45,339,342,4,TGCA
NM_075619.6,376,379,376,379,4,TGCA
NM_075619.6,605,608,605,608,4,TGCA
NM_075619.6,470,473,605,608,4,TGCA
NM_075619.6,339,342,605,608,4,TGCA
NM_075619.6,42,45,605,608,4,TGCA
NM_075619.6,470,473,470,473,4,TGCA
NM_075619.6,42,45,470,473,4,TGCA
NM_075619.6,42,45,42,45,4,TGCA
NM_075619.6,268,272,485,489,5,TGCGA
NM_075619.6,268,272,534,538,5,TGCGA
NM_075619.6,382,386,485,489,5,TGCGA
NM_075619.6,316,322,360,366,7,TGCTTGG
NM_075619.6,65,69,496,500,5,TGGAA
NM_075619.6,65,69,527,531,5,TGGAA
NM_075619.6,65,69,89,93,5,TGGAA
NM_075619.6,84,88,307,311,5,TGTTC
NM_075619.6,29,31,477,479,3,TTA
NM_075619.6,400,404,455,459,5,TTCAA
NM_075619.6,86,91,612,617,6,TTCTTC
NM_075619.6,254,259,612,617,6,TTCTTC
NM_075619.6,86,91,609,614,6,TTCTTC
NM_075619.6,254,259,609,614,6,TTCTTC
NM_075619.6,86,91,457,462,6,TTCTTC
NM_075619.6,254,259,457,462,6,TTCTTC
NM_075619.6,15,21,488,494,7,TTCTTTG
NM_075619.6,455,459,543,547,5,TTGAA
NM_075619.6,329,333,543,547,5,TTGAA
NM_075619.6,329,333,581,585,5,TTGAA
NM_075619.6,329,333,400,404,5,TTGAA
NM_075619.6,107,113,366,372,7,TTGATCT
NM_075619.6,64,70,219,225,7,TTGGAAA
NM_075619.6,319,325,441,447,7,TTGGAGG
NM_075619.6,102,106,239,243,5,TTTCA
NM_075619.6,102,106,330,334,5,TTTCA
NM_075619.6,102,106,129,133,5,TTTCA
NM_075619.6,24,28,352,356,5,TTTCT
NM_075619.6,14,18,413,417,5,TTTCT
NM_075619.6,24,28,413,417,5,TTTCT
NM_075619.6,347,351,413,417,5,TTTCT
NM_075619.6,24,28,197,201,5,TTTCT
NM_075619.6,63,66,488,491,4,TTTG
NM_075619.6,63,66,621,624,4,TTTG
NM_075619.6,18,21,621,624,4,TTTG
NM_075619.6,154,157,488,491,4,TTTG
NM_075619.6,154,157,621,624,4,TTTG
NM_075619.6,63,66,302,305,4,TTTG
NM_075619.6,63,66,564,567,4,TTTG
NM_075619.6,82,85,278,281,4,TTTG
NM_075619.6,82,85,621,624,4,TTTG
NM_075619.6,154,157,302,305,4,TTTG
NM_075619.6,154,157,564,567,4,TTTG
NM_075619.6,82,85,445,448,4,TTTG
NM_075619.6,328,331,564,567,4,TTTG
NM_075619.6,328,331,488,491,4,TTTG
NM_075619.6,328,331,445,448,4,TTTG
NM_062602.2,66,70,392,396,5,AAAAA
NM_062602.2,67,71,392,396,5,AAAAA
NM_062602.2,335,339,392,396,5,AAAAA
NM_062602.2,62,66,287,291,5,AACAA
NM_062602.2,177,181,239,243,5,AAGAA
NM_062602.2,348,350,400,402,3,AAT
NM_062602.2,338,340,400,402,3,AAT
NM_062602.2,55,57,319,321,3,AAT
NM_062602.2,348,350,447,449,3,AAT
NM_062602.2,356,358,447,449,3,AAT
NM_062602.2,370,372,447,449,3,AAT
NM_062602.2,373,375,447,449,3,AAT
NM_062602.2,409,411,447,449,3,AAT
NM_062602.2,191,193,447,449,3,AAT
NM_062602.2,191,193,319,321,3,AAT
NM_062602.2,338,340,480,482,3,AAT
NM_062602.2,348,350,480,482,3,AAT
NM_062602.2,338,340,534,536,3,AAT
NM_062602.2,348,350,534,536,3,AAT
NM_062602.2,338,340,462,464,3,AAT
NM_062602.2,348,350,462,464,3,AAT
NM_062602.2,55,57,480,482,3,AAT
NM_062602.2,356,358,480,482,3,AAT
NM_062602.2,370,372,480,482,3,AAT
NM_062602.2,55,57,534,536,3,AAT
NM_062602.2,356,358,534,536,3,AAT
NM_062602.2,370,372,534,536,3,AAT
NM_062602.2,55,57,462,464,3,AAT
NM_062602.2,356,358,462,464,3,AAT
NM_062602.2,370,372,462,464,3,AAT
NM_062602.2,373,375,480,482,3,AAT
NM_062602.2,409,411,480,482,3,AAT
NM_062602.2,373,375,534,536,3,AAT
NM_062602.2,409,411,534,536,3,AAT
NM_062602.2,373,375,462,464,3,AAT
NM_062602.2,409,411,462,464,3,AAT
NM_062602.2,63,69,392,398,7,ACAAAAA
NM_062602.2,363,365,492,494,3,ACT
NM_062602.2,48,50,85,87,3,ACT
NM_062602.2,48,50,285,287,3,ACT
NM_062602.2,48,50,122,124,3,ACT
NM_062602.2,147,149,492,494,3,ACT
NM_062602.2,147,149,205,207,3,ACT
NM_062602.2,168,170,275,277,3,AGA
NM_062602.2,161,163,275,277,3,AGA
NM_062602.2,150,152,275,277,3,AGA
NM_062602.2,178,180,365,367,3,AGA
NM_062602.2,254,256,365,367,3,AGA
NM_062602.2,153,155,365,367,3,AGA
NM_062602.2,71,73,365,367,3,AGA
NM_062602.2,168,170,365,367,3,AGA
NM_062602.2,161,163,365,367,3,AGA
NM_062602.2,168,170,237,239,3,AGA
NM_062602.2,168,170,419,421,3,AGA
NM_062602.2,161,163,237,239,3,AGA
NM_062602.2,161,163,419,421,3,AGA
NM_062602.2,150,152,237,239,3,AGA
NM_062602.2,156,158,365,367,3,AGA
NM_062602.2,150,152,419,421,3,AGA
NM_062602.2,120,122,198,200,3,AGA
NM_062602.2,178,180,198,200,3,AGA
NM_062602.2,153,155,198,200,3,AGA
NM_062602.2,71,73,198,200,3,AGA
NM_062602.2,120,122,384,386,3,AGA
NM_062602.2,178,180,384,386,3,AGA
NM_062602.2,254,256,384,386,3,AGA
NM_062602.2,153,155,384,386,3,AGA
NM_062602.2,71,73,384,386,3,AGA
NM_062602.2,93,95,275,277,3,AGA
NM_062602.2,93,95,240,242,3,AGA
NM_062602.2,161,163,198,200,3,AGA
NM_062602.2,161,163,384,386,3,AGA
NM_062602.2,150,152,198,200,3,AGA
NM_062602.2,150,152,384,386,3,AGA
NM_062602.2,306,308,365,367,3,AGA
NM_062602.2,93,95,365,367,3,AGA
NM_062602.2,120,122,358,360,3,AGA
NM_062602.2,178,180,358,360,3,AGA
NM_062602.2,254,256,358,360,3,AGA
NM_062602.2,153,155,358,360,3,AGA
NM_062602.2,71,73,358,360,3,AGA
NM_062602.2,168,170,358,360,3,AGA
NM_062602.2,150,152,358,360,3,AGA
NM_062602.2,71,73,78,80,3,AGA
NM_062602.2,225,227,384,386,3,AGA
NM_062602.2,225,227,358,360,3,AGA
NM_062602.2,225,227,365,367,3,AGA
NM_062602.2,554,557,554,557,4,AGCT
NM_062602.2,110,113,554,557,4,AGCT
NM_062602.2,101,104,511,514,4,AGCT
NM_062602.2,101,104,101,104,4,AGCT
NM_062602.2,101,104,554,557,4,AGCT
NM_062602.2,33,36,511,514,4,AGCT
NM_062602.2,33,36,101,104,4,AGCT
NM_062602.2,33,36,33,36,4,AGCT
NM_062602.2,110,113,110,113,4,AGCT
NM_062602.2,101,104,110,113,4,AGCT
NM_062602.2,33,36,110,113,4,AGCT
NM_062602.2,511,514,511,514,4,AGCT
NM_062602.2,511,514,554,557,4,AGCT
NM_062602.2,412,414,523,525,3,AGG
NM_062602.2,212,214,523,525,3,AGG
NM_062602.2,258,260,523,525,3,AGG
NM_062602.2,504,506,523,525,3,AGG
NM_062602.2,74,76,523,525,3,AGG
NM_062602.2,128,130,523,525,3,AGG
NM_062602.2,140,142,523,525,3,AGG
NM_062602.2,10,12,523,525,3,AGG
NM_062602.2,233,235,523,525,3,AGG
NM_062602.2,412,414,465,467,3,AGG
NM_062602.2,492,494,541,543,3,AGT
NM_062602.2,5,7,541,543,3,AGT
NM_062602.2,122,124,541,543,3,AGT
NM_062602.2,5,7,363,365,3,AGT
NM_062602.2,5,7,147,149,3,AGT
NM_062602.2,122,124,147,149,3,AGT
NM_062602.2,205,207,541,543,3,AGT
NM_062602.2,205,207,363,365,3,AGT
NM_062602.2,374,376,382,384,3,ATC
NM_062602.2,293,295,399,401,3,ATC
NM_062602.2,81,83,399,401,3,ATC
NM_062602.2,81,83,270,272,3,ATC
NM_062602.2,81,83,246,248,3,ATC
NM_062602.2,81,83,292,294,3,ATC
NM_062602.2,297,299,399,401,3,ATC
NM_062602.2,297,299,382,384,3,ATC
NM_062602.2,297,299,316,318,3,ATC
NM_062602.2,308,310,399,401,3,ATC
NM_062602.2,374,376,498,500,3,ATC
NM_062602.2,308,310,316,318,3,ATC
NM_062602.2,81,83,498,500,3,ATC
NM_062602.2,43,45,399,401,3,ATC
NM_062602.2,374,376,406,408,3,ATC
NM_062602.2,43,45,270,272,3,ATC
NM_062602.2,43,45,246,248,3,ATC
NM_062602.2,43,45,196,198,3,ATC
NM_062602.2,43,45,382,384,3,ATC
NM_062602.2,43,45,235,237,3,ATC
NM_062602.2,43,45,76,78,3,ATC
NM_062602.2,43,45,292,294,3,ATC
NM_062602.2,293,295,406,408,3,ATC
NM_062602.2,357,359,498,500,3,ATC
NM_062602.2,357,359,382,384,3,ATC
NM_062602.2,357,359,406,408,3,ATC
NM_062602.2,418,420,498,500,3,ATC
NM_062602.2,43,45,94,96,3,ATC
NM_062602.2,81,83,94,96,3,ATC
NM_062602.2,43,45,157,159,3,ATC
NM_062602.2,81,83,157,159,3,ATC
NM_062602.2,77,79,399,401,3,ATC
NM_062602.2,383,385,399,401,3,ATC
NM_062602.2,197,199,399,401,3,ATC
NM_062602.2,236,238,399,401,3,ATC
NM_062602.2,77,79,270,272,3,ATC
NM_062602.2,77,79,246,248,3,ATC
NM_062602.2,197,199,270,272,3,ATC
NM_062602.2,197,199,246,248,3,ATC
NM_062602.2,297,299,307,309,3,ATC
NM_062602.2,236,238,270,272,3,ATC
NM_062602.2,236,238,246,248,3,ATC
NM_062602.2,77,79,406,408,3,ATC
NM_062602.2,77,79,316,318,3,ATC
NM_062602.2,383,385,406,408,3,ATC
NM_062602.2,197,199,406,408,3,ATC
NM_062602.2,197,199,316,318,3,ATC
NM_062602.2,43,45,307,309,3,ATC
NM_062602.2,81,83,307,309,3,ATC
NM_062602.2,236,238,406,408,3,ATC
NM_062602.2,236,238,316,318,3,ATC
NM_062602.2,116,122,419,425,7,ATGAAGA
NM_062602.2,18,20,373,375,3,ATT
NM_062602.2,319,321,373,375,3,ATT
NM_062602.2,192,194,373,375,3,ATT
NM_062602.2,192,194,409,411,3,ATT
NM_062602.2,18,20,191,193,3,ATT
NM_062602.2,267,269,479,481,3,ATT
NM_062602.2,267,269,373,375,3,ATT
NM_062602.2,267,269,409,411,3,ATT
NM_062602.2,18,20,55,57,3,ATT
NM_062602.2,400,402,479,481,3,ATT
NM_062602.2,400,402,409,411,3,ATT
NM_062602.2,18,20,356,358,3,ATT
NM_062602.2,319,321,356,358,3,ATT
NM_062602.2,267,269,533,535,3,ATT
NM_062602.2,447,449,533,535,3,ATT
NM_062602.2,267,269,461,463,3,ATT
NM_062602.2,447,449,461,463,3,ATT
NM_062602.2,400,402,533,535,3,ATT
NM_062602.2,400,402,461,463,3,ATT
NM_062602.2,18,20,533,535,3,ATT
NM_062602.2,319,321,533,535,3,ATT
NM_062602.2,18,20,461,463,3,ATT
NM_062602.2,319,321,461,463,3,ATT
NM_062602.2,22,24,191,193,3,ATT
NM_062602.2,22,24,479,481,3,ATT
NM_062602.2,192,194,338,340,3,ATT
NM_062602.2,22,24,356,358,3,ATT
NM_062602.2,22,24,373,375,3,ATT
NM_062602.2,22,24,370,372,3,ATT
NM_062602.2,22,24,409,411,3,ATT
NM_062602.2,18,20,338,340,3,ATT
NM_062602.2,319,321,338,340,3,ATT
NM_062602.2,192,194,348,350,3,ATT
NM_062602.2,267,269,348,350,3,ATT
NM_062602.2,174,179,466,471,6,CAAAAG
NM_062602.2,215,220,466,471,6,CAAAAG
NM_062602.2,54,60,264,270,7,CAATGTT
NM_062602.2,172,178,393,399,7,CACAAAA
NM_062602.2,92,94,103,105,3,CAG
NM_062602.2,508,510,524,526,3,CAG
NM_062602.2,92,94,524,526,3,CAG
NM_062602.2,167,169,524,526,3,CAG
NM_062602.2,305,307,524,526,3,CAG
NM_062602.2,84,86,112,114,3,CAG
NM_062602.2,508,510,542,544,3,CAG
NM_062602.2,92,94,542,544,3,CAG
NM_062602.2,84,86,524,526,3,CAG
NM_062602.2,84,86,385,387,3,CAG
NM_062602.2,40,42,247,249,3,CAT
NM_062602.2,40,42,271,273,3,CAT
NM_062602.2,40,42,95,97,3,CAT
NM_062602.2,296,298,424,426,3,CAT
NM_062602.2,417,419,424,426,3,CAT
NM_062602.2,40,42,424,426,3,CAT
NM_062602.2,266,268,351,353,3,CAT
NM_062602.2,266,268,271,273,3,CAT
NM_062602.2,40,42,56,58,3,CAT
NM_062602.2,40,42,339,341,3,CAT
NM_062602.2,21,23,424,426,3,CAT
NM_062602.2,21,23,247,249,3,CAT
NM_062602.2,21,23,351,353,3,CAT
NM_062602.2,21,23,271,273,3,CAT
NM_062602.2,21,23,95,97,3,CAT
NM_062602.2,228,230,413,415,3,CCC
NM_062602.2,184,186,282,284,3,CCG
NM_062602.2,184,186,314,316,3,CCG
NM_062602.2,229,231,282,284,3,CCG
NM_062602.2,229,231,314,316,3,CCG
NM_062602.2,184,186,230,232,3,CCG
NM_062602.2,184,186,519,521,3,CCG
NM_062602.2,184,186,332,334,3,CCG
NM_062602.2,184,186,435,437,3,CCG
NM_062602.2,229,231,519,521,3,CCG
NM_062602.2,229,231,332,334,3,CCG
NM_062602.2,229,231,435,437,3,CCG
NM_062602.2,27,29,212,214,3,CCT
NM_062602.2,27,29,258,260,3,CCT
NM_062602.2,27,29,412,414,3,CCT
NM_062602.2,135,137,321,323,3,CGA
NM_062602.2,135,137,449,451,3,CGA
NM_062602.2,144,146,281,283,3,CGA
NM_062602.2,138,140,281,283,3,CGA
NM_062602.2,138,140,321,323,3,CGA
NM_062602.2,138,140,449,451,3,CGA
NM_062602.2,135,137,313,315,3,CGA
NM_062602.2,144,146,313,315,3,CGA
NM_062602.2,405,407,449,451,3,CGA
NM_062602.2,138,140,309,311,3,CGA
NM_062602.2,135,137,309,311,3,CGA
NM_062602.2,144,146,309,311,3,CGA
NM_062602.2,138,140,298,300,3,CGA
NM_062602.2,135,137,298,300,3,CGA
NM_062602.2,144,146,298,300,3,CGA
NM_062602.2,138,140,500,502,3,CGA
NM_062602.2,135,137,500,502,3,CGA
NM_062602.2,144,146,500,502,3,CGA
NM_062602.2,489,491,500,502,3,CGA
NM_062602.2,185,187,526,528,3,CGC
NM_062602.2,230,232,325,327,3,CGG
NM_062602.2,98,100,325,327,3,CGG
NM_062602.2,45,47,325,327,3,CGG
NM_062602.2,282,284,325,327,3,CGG
NM_062602.2,314,316,325,327,3,CGG
NM_062602.2,98,100,229,231,3,CGG
NM_062602.2,45,47,229,231,3,CGG
NM_062602.2,14,16,229,231,3,CGG
NM_062602.2,14,16,488,490,3,CGG
NM_062602.2,45,47,184,186,3,CGG
NM_062602.2,148,150,411,413,3,CTA
NM_062602.2,366,368,411,413,3,CTA
NM_062602.2,35,37,84,86,3,CTG
NM_062602.2,35,37,167,169,3,CTG
NM_062602.2,35,37,305,307,3,CTG
NM_062602.2,28,30,84,86,3,CTG
NM_062602.2,28,30,167,169,3,CTG
NM_062602.2,28,30,305,307,3,CTG
NM_062602.2,112,114,167,169,3,CTG
NM_062602.2,112,114,305,307,3,CTG
NM_062602.2,103,105,508,510,3,CTG
NM_062602.2,35,37,508,510,3,CTG
NM_062602.2,35,37,92,94,3,CTG
NM_062602.2,276,280,489,493,5,CTTCG
NM_062602.2,276,280,501,505,5,CTTCG
NM_062602.2,276,280,450,454,5,CTTCG
NM_062602.2,49,55,543,549,7,CTTGCCA
NM_062602.2,154,160,417,423,7,GAAGATG
NM_062602.2,226,228,249,251,3,GAC
NM_062602.2,226,228,280,282,3,GAC
NM_062602.2,136,138,249,251,3,GAC
NM_062602.2,142,144,249,251,3,GAC
NM_062602.2,12,14,249,251,3,GAC
NM_062602.2,47,49,280,282,3,GAC
NM_062602.2,47,49,249,251,3,GAC
NM_062602.2,292,297,380,385,6,GATCCA
NM_062602.2,196,202,304,310,7,GATCTGG
NM_062602.2,97,99,310,312,3,GCG
NM_062602.2,97,99,322,324,3,GCG
NM_062602.2,141,143,487,489,3,GGA
NM_062602.2,11,13,487,489,3,GGA
NM_062602.2,46,48,464,466,3,GGA
NM_062602.2,341,343,464,466,3,GGA
NM_062602.2,341,343,487,489,3,GGA
NM_062602.2,436,438,464,466,3,GGA
NM_062602.2,99,101,464,466,3,GGA
NM_062602.2,231,233,464,466,3,GGA
NM_062602.2,283,285,464,466,3,GGA
NM_062602.2,126,128,464,466,3,GGA
NM_062602.2,126,128,487,489,3,GGA
NM_062602.2,8,10,26,28,3,GGA
NM_062602.2,8,10,464,466,3,GGA
NM_062602.2,8,10,487,489,3,GGA
NM_062602.2,75,77,487,489,3,GGA
NM_062602.2,234,236,487,489,3,GGA
NM_062602.2,315,317,464,466,3,GGA
NM_062602.2,11,13,82,84,3,GGA
NM_062602.2,141,143,294,296,3,GGA
NM_062602.2,11,13,294,296,3,GGA
NM_062602.2,129,131,294,296,3,GGA
NM_062602.2,381,383,464,466,3,GGA
NM_062602.2,195,197,464,466,3,GGA
NM_062602.2,46,48,82,84,3,GGA
NM_062602.2,99,101,294,296,3,GGA
NM_062602.2,231,233,294,296,3,GGA
NM_062602.2,283,285,294,296,3,GGA
NM_062602.2,46,48,294,296,3,GGA
NM_062602.2,381,383,487,489,3,GGA
NM_062602.2,195,197,487,489,3,GGA
NM_062602.2,126,128,294,296,3,GGA
NM_062602.2,125,127,228,230,3,GGG
NM_062602.2,125,127,324,326,3,GGG
NM_062602.2,15,17,522,524,3,GGT
NM_062602.2,15,17,227,229,3,GGT
NM_062602.2,15,17,303,305,3,GGT
NM_062602.2,206,208,367,369,3,GTA
NM_062602.2,16,18,88,90,3,GTA
NM_062602.2,16,18,367,369,3,GTA
NM_062602.2,249,255,513,519,7,GTCAAAG
NM_062602.2,6,8,330,332,3,GTG
NM_062602.2,6,8,376,378,3,GTG
NM_062602.2,123,125,330,332,3,GTG
NM_062602.2,123,125,376,378,3,GTG
NM_062602.2,6,8,90,92,3,GTG
NM_062602.2,6,8,172,174,3,GTG
NM_062602.2,123,125,172,174,3,GTG
NM_062602.2,391,397,429,435,7,GTTTTTG
NM_062602.2,60,62,242,244,3,TAA
NM_062602.2,60,62,87,89,3,TAA
NM_062602.2,88,90,206,208,3,TAC
NM_062602.2,149,151,556,558,3,TAG
NM_062602.2,32,34,79,81,3,TAG
NM_062602.2,32,34,366,368,3,TAG
NM_062602.2,411,413,556,558,3,TAG
NM_062602.2,32,34,148,150,3,TAG
NM_062602.2,250,254,468,472,5,TCAAA
NM_062602.2,428,432,514,518,5,TCAAA
NM_062602.2,39,43,243,247,5,TCATA
NM_062602.2,39,43,115,119,5,TCATA
NM_062602.2,39,43,207,211,5,TCATA
NM_062602.2,82,84,283,285,3,TCC
NM_062602.2,82,84,99,101,3,TCC
NM_062602.2,82,84,231,233,3,TCC
NM_062602.2,82,84,436,438,3,TCC
NM_062602.2,294,296,436,438,3,TCC
NM_062602.2,82,84,520,522,3,TCC
NM_062602.2,294,296,520,522,3,TCC
NM_062602.2,82,84,333,335,3,TCC
NM_062602.2,294,296,333,335,3,TCC
NM_062602.2,82,84,141,143,3,TCC
NM_062602.2,82,84,505,507,3,TCC
NM_062602.2,294,296,505,507,3,TCC
NM_062602.2,487,489,505,507,3,TCC
NM_062602.2,82,84,129,131,3,TCC
NM_062602.2,26,28,315,317,3,TCC
NM_062602.2,26,28,195,197,3,TCC
NM_062602.2,26,28,381,383,3,TCC
NM_062602.2,26,28,283,285,3,TCC
NM_062602.2,26,28,99,101,3,TCC
NM_062602.2,26,28,231,233,3,TCC
NM_062602.2,26,28,436,438,3,TCC
NM_062602.2,26,28,46,48,3,TCC
NM_062602.2,26,28,520,522,3,TCC
NM_062602.2,26,28,341,343,3,TCC
NM_062602.2,464,466,520,522,3,TCC
NM_062602.2,82,84,126,128,3,TCC
NM_062602.2,26,28,126,128,3,TCC
NM_062602.2,44,48,487,491,5,TCGGA
NM_062602.2,313,317,487,491,5,TCGGA
NM_062602.2,281,285,487,491,5,TCGGA
NM_062602.2,419,423,528,532,5,TCTTC
NM_062602.2,237,241,528,532,5,TCTTC
NM_062602.2,194,199,292,297,6,TGGATC
NM_062602.2,57,60,170,173,4,TGTT
NM_062602.2,29,32,170,173,4,TGTT
NM_062602.2,57,60,440,443,4,TGTT
NM_062602.2,29,32,440,443,4,TGTT
NM_062602.2,29,32,264,267,4,TGTT
NM_062602.2,57,60,62,65,4,TGTT
NM_062602.2,425,428,473,476,4,TGTT
NM_062602.2,57,60,473,476,4,TGTT
NM_062602.2,29,32,62,65,4,TGTT
NM_062602.2,29,32,473,476,4,TGTT
NM_062602.2,59,61,408,410,3,TTA
NM_062602.2,59,61,372,374,3,TTA
NM_062602.2,87,89,408,410,3,TTA
NM_062602.2,87,89,372,374,3,TTA
NM_062602.2,31,33,408,410,3,TTA
NM_062602.2,31,33,372,374,3,TTA
NM_062602.2,31,33,60,62,3,TTA
NM_062602.2,427,433,467,473,7,TTCAAAA
NM_062602.2,19,23,116,120,5,TTCAT
NM_062602.2,19,23,208,212,5,TTCAT
NM_062602.2,239,243,476,480,5,TTCTT
NM_062602.2,239,243,253,257,5,TTCTT
NM_062602.2,239,243,457,461,5,TTCTT
NM_062602.2,239,243,547,551,5,TTCTT
NM_062602.2,239,243,529,533,5,TTCTT
NM_062602.2,287,291,440,444,5,TTGTT
NM_062602.2,287,291,473,477,5,TTGTT
NM_062602.2,514,518,536,540,5,TTTGA
NM_062602.2,23,29,128,134,7,TTTTCCT
NM_062602.2,467,473,535,541,7,TTTTGAA
NM_001178175.1,155,158,290,293,4,AAAG
NM_001178175.1,164,167,290,293,4,AAAG
NM_001178175.1,155,158,219,222,4,AAAG
NM_001178175.1,164,167,219,222,4,AAAG
NM_001178175.1,247,250,342,345,4,AAAG
NM_001178175.1,155,158,342,345,4,AAAG
NM_001178175.1,164,167,342,345,4,AAAG
NM_001178175.1,53,55,313,315,3,AAC
NM_001178175.1,171,173,313,315,3,AAC
NM_001178175.1,171,173,337,339,3,AAC
NM_001178175.1,92,94,313,315,3,AAC
NM_001178175.1,196,198,313,315,3,AAC
NM_001178175.1,196,198,337,339,3,AAC
NM_001178175.1,50,52,290,292,3,AAG
NM_001178175.1,182,184,290,292,3,AAG
NM_001178175.1,277,279,290,292,3,AAG
NM_001178175.1,50,52,219,221,3,AAG
NM_001178175.1,182,184,219,221,3,AAG
NM_001178175.1,223,225,290,292,3,AAG
NM_001178175.1,156,158,310,312,3,AAG
NM_001178175.1,165,167,310,312,3,AAG
NM_001178175.1,50,52,310,312,3,AAG
NM_001178175.1,182,184,310,312,3,AAG
NM_001178175.1,277,279,310,312,3,AAG
NM_001178175.1,223,225,310,312,3,AAG
NM_001178175.1,81,83,290,292,3,AAG
NM_001178175.1,81,83,219,221,3,AAG
NM_001178175.1,262,264,290,292,3,AAG
NM_001178175.1,215,217,290,292,3,AAG
NM_001178175.1,215,217,219,221,3,AAG
NM_001178175.1,146,148,310,312,3,AAG
NM_001178175.1,81,83,342,344,3,AAG
NM_001178175.1,262,264,342,344,3,AAG
NM_001178175.1,215,217,342,344,3,AAG
NM_001178175.1,98,100,342,344,3,AAG
NM_001178175.1,50,52,342,344,3,AAG
NM_001178175.1,182,184,342,344,3,AAG
NM_001178175.1,277,279,342,344,3,AAG
NM_001178175.1,223,225,342,344,3,AAG
NM_001178175.1,76,78,290,292,3,AAG
NM_001178175.1,76,78,219,221,3,AAG
NM_001178175.1,76,78,310,312,3,AAG
NM_001178175.1,115,117,229,231,3,ACC
NM_001178175.1,115,117,240,242,3,ACC
NM_001178175.1,197,199,229,231,3,ACC
NM_001178175.1,197,199,204,206,3,ACC
NM_001178175.1,197,199,240,242,3,ACC
NM_001178175.1,57,59,160,162,3,ACC
NM_001178175.1,23,25,160,162,3,ACC
NM_001178175.1,115,117,160,162,3,ACC
NM_001178175.1,197,199,257,259,3,ACC
NM_001178175.1,57,59,257,259,3,ACC
NM_001178175.1,23,25,257,259,3,ACC
NM_001178175.1,172,174,324,326,3,ACG
NM_001178175.1,54,56,173,175,3,ACG
NM_001178175.1,44,46,173,175,3,ACG
NM_001178175.1,54,56,117,119,3,ACG
NM_001178175.1,85,87,294,296,3,ACT
NM_001178175.1,341,343,346,348,3,ACT
NM_001178175.1,93,95,147,149,3,ACT
NM_001178175.1,85,87,147,149,3,ACT
NM_001178175.1,13,15,77,79,3,ACT
NM_001178175.1,13,15,71,73,3,ACT
NM_001178175.1,13,15,346,348,3,ACT
NM_001178175.1,51,53,285,287,3,AGA
NM_001178175.1,51,53,206,208,3,AGA
NM_001178175.1,153,155,206,208,3,AGA
NM_001178175.1,62,64,206,208,3,AGA
NM_001178175.1,51,53,73,75,3,AGA
NM_001178175.1,62,64,73,75,3,AGA
NM_001178175.1,224,226,285,287,3,AGA
NM_001178175.1,157,159,285,287,3,AGA
NM_001178175.1,157,159,206,208,3,AGA
NM_001178175.1,130,132,285,287,3,AGA
NM_001178175.1,183,185,285,287,3,AGA
NM_001178175.1,278,280,285,287,3,AGA
NM_001178175.1,166,168,285,287,3,AGA
NM_001178175.1,183,185,206,208,3,AGA
NM_001178175.1,166,168,206,208,3,AGA
NM_001178175.1,132,134,285,287,3,AGA
NM_001178175.1,224,226,267,269,3,AGA
NM_001178175.1,157,159,267,269,3,AGA
NM_001178175.1,51,53,267,269,3,AGA
NM_001178175.1,244,246,267,269,3,AGA
NM_001178175.1,153,155,267,269,3,AGA
NM_001178175.1,62,64,267,269,3,AGA
NM_001178175.1,130,132,267,269,3,AGA
NM_001178175.1,82,84,198,200,3,AGG
NM_001178175.1,71,73,341,343,3,AGT
NM_001178175.1,294,296,341,343,3,AGT
NM_001178175.1,77,79,93,95,3,AGT
NM_001178175.1,71,73,93,95,3,AGT
NM_001178175.1,139,141,305,307,3,ATA
NM_001178175.1,185,187,305,307,3,ATA
NM_001178175.1,134,136,305,307,3,ATA
NM_001178175.1,194,196,305,307,3,ATA
NM_001178175.1,113,115,305,307,3,ATA
NM_001178175.1,36,38,109,111,3,ATC
NM_001178175.1,36,38,46,48,3,ATC
NM_001178175.1,36,38,167,169,3,ATC
NM_001178175.1,9,11,265,267,3,ATC
NM_001178175.1,9,11,193,195,3,ATC
NM_001178175.1,9,11,112,114,3,ATC
NM_001178175.1,36,38,279,281,3,ATC
NM_001178175.1,274,277,320,323,4,ATGA
NM_001178175.1,274,277,299,302,4,ATGA
NM_001178175.1,274,277,302,305,4,ATGA
NM_001178175.1,47,50,302,305,4,ATGA
NM_001178175.1,127,130,320,323,4,ATGA
NM_001178175.1,127,130,299,302,4,ATGA
NM_001178175.1,127,130,302,305,4,ATGA
NM_001178175.1,61,63,335,337,3,CAG
NM_001178175.1,152,154,335,337,3,CAG
NM_001178175.1,243,245,335,337,3,CAG
NM_001178175.1,209,211,286,288,3,CAG
NM_001178175.1,61,63,101,103,3,CAG
NM_001178175.1,70,72,286,288,3,CAG
NM_001178175.1,70,72,101,103,3,CAG
NM_001178175.1,61,63,86,88,3,CAG
NM_001178175.1,8,10,29,31,3,CAT
NM_001178175.1,8,10,253,255,3,CAT
NM_001178175.1,252,254,280,282,3,CAT
NM_001178175.1,8,10,65,67,3,CAT
NM_001178175.1,177,179,253,255,3,CAT
NM_001178175.1,177,179,280,282,3,CAT
NM_001178175.1,138,140,274,276,3,CAT
NM_001178175.1,252,254,274,276,3,CAT
NM_001178175.1,198,200,226,228,3,CCT
NM_001178175.1,25,27,159,161,3,CCT
NM_001178175.1,17,19,159,161,3,CCT
NM_001178175.1,198,200,216,218,3,CCT
NM_001178175.1,198,200,263,265,3,CCT
NM_001178175.1,117,119,172,174,3,CGT
NM_001178175.1,5,7,172,174,3,CGT
NM_001178175.1,86,88,209,211,3,CTG
NM_001178175.1,86,88,243,245,3,CTG
NM_001178175.1,101,103,152,154,3,CTG
NM_001178175.1,18,21,247,250,4,CTTT
NM_001178175.1,18,21,145,148,4,CTTT
NM_001178175.1,18,21,187,190,4,CTTT
NM_001178175.1,18,21,164,167,4,CTTT
NM_001178175.1,18,21,155,158,4,CTTT
NM_001178175.1,46,50,299,303,5,GATGA
NM_001178175.1,217,219,232,234,3,GGC
NM_001178175.1,186,192,288,294,7,TAAAGCC
NM_001178175.1,186,192,217,223,7,TAAAGCC
NM_001178175.1,35,37,304,306,3,TAT
NM_001178175.1,35,37,139,141,3,TAT
NM_001178175.1,28,30,113,115,3,TAT
NM_001178175.1,28,30,236,238,3,TAT
NM_001178175.1,35,37,124,126,3,TAT
NM_001178175.1,35,37,143,145,3,TAT
NM_001178175.1,7,11,109,113,5,TCATC
NM_001178175.1,7,11,46,50,5,TCATC
NM_001178175.1,33,35,132,134,3,TCT
NM_001178175.1,73,75,132,134,3,TCT
NM_001178175.1,10,12,130,132,3,TCT
NM_001178175.1,73,75,130,132,3,TCT
NM_001178175.1,10,12,244,246,3,TCT
NM_001178175.1,10,12,153,155,3,TCT
NM_001178175.1,10,12,62,64,3,TCT
NM_001178175.1,33,35,244,246,3,TCT
NM_001178175.1,33,35,153,155,3,TCT
NM_001178175.1,33,35,62,64,3,TCT
NM_001178175.1,206,208,244,246,3,TCT
NM_001178175.1,73,75,244,246,3,TCT
NM_001178175.1,73,75,153,155,3,TCT
NM_001178175.1,33,35,183,185,3,TCT
NM_001178175.1,33,35,278,280,3,TCT
NM_001178175.1,33,35,166,168,3,TCT
NM_001178175.1,73,75,183,185,3,TCT
NM_001178175.1,206,208,278,280,3,TCT
NM_001178175.1,73,75,278,280,3,TCT
NM_001178175.1,73,75,166,168,3,TCT
NM_001178175.1,10,12,224,226,3,TCT
NM_001178175.1,10,12,157,159,3,TCT
NM_001178175.1,206,208,224,226,3,TCT
NM_001178175.1,73,75,224,226,3,TCT
NM_001178175.1,73,75,157,159,3,TCT
NM_001178175.1,10,12,51,53,3,TCT
NM_001178175.1,33,35,51,53,3,TCT
NM_001178175.1,48,50,242,244,3,TGA
NM_001178175.1,162,164,242,244,3,TGA
NM_001178175.1,180,182,242,244,3,TGA
NM_001178175.1,48,50,79,81,3,TGA
NM_001178175.1,21,23,339,341,3,TGA
NM_001178175.1,128,130,242,244,3,TGA
NM_001178175.1,128,130,339,341,3,TGA
NM_001178175.1,48,50,208,210,3,TGA
NM_001178175.1,162,164,208,210,3,TGA
NM_001178175.1,21,23,208,210,3,TGA
NM_001178175.1,180,182,208,210,3,TGA
NM_001178175.1,111,113,208,210,3,TGA
NM_001178175.1,111,113,242,244,3,TGA
NM_001178175.1,102,104,302,304,3,TGA
NM_001178175.1,102,104,320,322,3,TGA
NM_001178175.1,102,104,299,301,3,TGA
NM_001178175.1,111,113,339,341,3,TGA
NM_001178175.1,162,164,302,304,3,TGA
NM_001178175.1,162,164,320,322,3,TGA
NM_001178175.1,162,164,299,301,3,TGA
NM_001178175.1,21,23,302,304,3,TGA
NM_001178175.1,180,182,302,304,3,TGA
NM_001178175.1,21,23,320,322,3,TGA
NM_001178175.1,180,182,320,322,3,TGA
NM_001178175.1,21,23,299,301,3,TGA
NM_001178175.1,180,182,299,301,3,TGA
NM_001178175.1,108,110,208,210,3,TGA
NM_001178175.1,108,110,242,244,3,TGA
NM_001178175.1,108,110,339,341,3,TGA
NM_001180140.1,113,120,127,134,8,AAAATATC
NM_001180140.1,72,75,143,146,4,AAAG
NM_001180140.1,246,248,253,255,3,AGC
NM_001180140.1,237,239,253,255,3,AGC
NM_001180140.1,246,248,274,276,3,AGC
NM_001180140.1,237,239,274,276,3,AGC
NM_001180140.1,184,186,274,276,3,AGC
NM_001180140.1,285,287,316,318,3,ATC
NM_001180140.1,12,14,316,318,3,ATC
NM_001180140.1,12,14,127,129,3,ATC
NM_001180140.1,55,57,316,318,3,ATC
NM_001180140.1,55,57,127,129,3,ATC
NM_001180140.1,285,287,289,291,3,ATC
NM_001180140.1,12,14,289,291,3,ATC
NM_001180140.1,61,63,316,318,3,ATC
NM_001180140.1,61,63,289,291,3,ATC
NM_001180140.1,61,63,127,129,3,ATC
NM_001180140.1,118,120,316,318,3,ATC
NM_001180140.1,118,120,289,291,3,ATC
NM_001180140.1,1,5,295,299,5,ATGTC
NM_001180140.1,101,105,295,299,5,ATGTC
NM_001180140.1,183,190,183,190,8,CAGCGCTG
NM_001180140.1,202,209,202,209,8,CCAGCTGG
NM_001180140.1,105,109,120,124,5,CCCAG
NM_001180140.1,93,97,183,187,5,CGCTG
NM_001180140.1,8,12,181,185,5,CTGAA
NM_001180140.1,68,72,181,185,5,CTGAA
NM_001180140.1,50,54,181,185,5,CTGAA
NM_001180140.1,120,124,201,205,5,CTGGG
NM_001180140.1,180,184,234,238,5,CTTCA
NM_001180140.1,180,184,243,247,5,CTTCA
NM_001180140.1,17,20,72,75,4,CTTT
NM_001180140.1,83,86,258,261,4,CTTT
NM_001180140.1,143,146,258,261,4,CTTT
NM_001180140.1,17,20,258,261,4,CTTT
NM_001180140.1,83,86,277,280,4,CTTT
NM_001180140.1,143,146,277,280,4,CTTT
NM_001180140.1,17,20,277,280,4,CTTT
NM_001180140.1,148,150,223,225,3,GAC
NM_001180140.1,148,150,211,213,3,GAC
NM_001180140.1,166,168,223,225,3,GAC
NM_001180140.1,166,168,211,213,3,GAC
NM_001180140.1,87,89,223,225,3,GAC
NM_001180140.1,87,89,211,213,3,GAC
NM_001180140.1,46,48,223,225,3,GAC
NM_001180140.1,46,48,211,213,3,GAC
NM_001180140.1,81,83,223,225,3,GAC
NM_001180140.1,81,83,211,213,3,GAC
NM_001180140.1,87,89,103,105,3,GAC
NM_001180140.1,46,48,103,105,3,GAC
NM_001180140.1,81,83,103,105,3,GAC
NM_001180140.1,166,168,175,177,3,GAC
NM_001180140.1,148,150,175,177,3,GAC
NM_001180140.1,36,40,59,63,5,GATTT
NM_001180140.1,36,40,53,57,5,GATTT
NM_001180140.1,97,99,123,125,3,GCC
NM_001180140.1,28,30,123,125,3,GCC
NM_001180140.1,28,30,42,44,3,GCC
NM_001180140.1,97,99,151,153,3,GCC
NM_001180140.1,28,30,141,143,3,GCC
NM_001180140.1,97,99,141,143,3,GCC
NM_001180140.1,31,33,123,125,3,GCC
NM_001180140.1,31,33,42,44,3,GCC
NM_001180140.1,31,33,151,153,3,GCC
NM_001180140.1,43,47,182,186,5,GCTGA
NM_001180140.1,124,128,182,186,5,GCTGA
NM_001180140.1,187,191,202,206,5,GCTGG
NM_001180140.1,141,145,236,240,5,GGCTT
NM_001180140.1,141,145,245,249,5,GGCTT
NM_001180140.1,103,105,292,294,3,GTC
NM_001180140.1,223,225,292,294,3,GTC
NM_001180140.1,211,213,292,294,3,GTC
NM_001180140.1,175,177,295,297,3,GTC
NM_001180140.1,3,5,166,168,3,GTC
NM_001180140.1,3,5,87,89,3,GTC
NM_001180140.1,3,5,81,83,3,GTC
NM_001180140.1,3,5,46,48,3,GTC
NM_001180140.1,21,23,166,168,3,GTC
NM_001180140.1,21,23,87,89,3,GTC
NM_001180140.1,21,23,81,83,3,GTC
NM_001180140.1,21,23,46,48,3,GTC
NM_001180140.1,3,5,148,150,3,GTC
NM_001180140.1,3,5,292,294,3,GTC
NM_001180140.1,21,23,148,150,3,GTC
NM_001180140.1,21,23,292,294,3,GTC
NM_001180140.1,64,69,264,269,6,TCTTCT
NM_001180140.1,64,69,267,272,6,TCTTCT
NM_001180140.1,64,69,279,284,6,TCTTCT
NM_001180140.1,161,165,180,184,5,TGAAG
NM_001180140.1,222,226,294,298,5,TGTCG
NM_001180140.1,210,214,294,298,5,TGTCG
NM_001180140.1,34,36,99,101,3,TTG
NM_001180140.1,79,81,99,101,3,TTG
NM_001180140.1,172,174,177,179,3,TTG
NM_001180140.1,85,87,99,101,3,TTG
NM_001180140.1,34,36,154,156,3,TTG
NM_001180140.1,145,147,177,179,3,TTG
NM_001180140.1,110,112,154,156,3,TTG
NM_001180140.1,79,81,154,156,3,TTG
NM_001180140.1,40,42,177,179,3,TTG
NM_001180140.1,76,78,99,101,3,TTG
NM_001180140.1,76,78,154,156,3,TTG
NM_001180140.1,19,21,99,101,3,TTG
NM_001180140.1,19,21,177,179,3,TTG
NM_001180140.1,134,136,177,179,3,TTG
NM_001181829.1,32,34,74,76,3,AAA
NM_001181829.1,34,36,68,70,3,AAC
NM_001181829.1,56,58,68,70,3,AAC
NM_001181829.1,20,22,179,181,3,AAC
NM_001181829.1,26,28,179,181,3,AAC
NM_001181829.1,9,11,68,70,3,AAC
NM_001181829.1,9,11,179,181,3,AAC
NM_001181829.1,34,36,193,195,3,AAC
NM_001181829.1,56,58,193,195,3,AAC
NM_001181829.1,20,22,193,195,3,AAC
NM_001181829.1,26,28,73,75,3,AAC
NM_001181829.1,61,67,182,188,7,AAGCCAT
NM_001181829.1,1,3,171,173,3,ATG
NM_001181829.1,105,107,150,152,3,ATG
NM_001181829.1,1,3,108,110,3,ATG
NM_001181829.1,119,121,171,173,3,ATG
NM_001181829.1,1,3,65,67,3,ATG
NM_001181829.1,1,3,104,106,3,ATG
NM_001181829.1,66,68,150,152,3,ATG
NM_001181829.1,66,68,108,110,3,ATG
NM_001181829.1,28,30,152,154,3,CAA
NM_001181829.1,15,17,152,154,3,CAA
NM_001181829.1,22,24,152,154,3,CAA
NM_001181829.1,124,126,152,154,3,CAA
NM_001181829.1,54,56,152,154,3,CAA
NM_001181829.1,141,143,152,154,3,CAA
NM_001181829.1,28,30,69,71,3,CAA
NM_001181829.1,15,17,69,71,3,CAA
NM_001181829.1,22,24,69,71,3,CAA
NM_001181829.1,54,56,69,71,3,CAA
NM_001181829.1,104,106,119,121,3,CAT
NM_001181829.1,104,106,138,140,3,CAT
NM_001181829.1,65,67,138,140,3,CAT
NM_001181829.1,108,110,182,184,3,CAT
NM_001181829.1,104,106,182,184,3,CAT
NM_001181829.1,171,173,182,184,3,CAT
NM_001181829.1,150,152,182,184,3,CAT
NM_001181829.1,108,110,119,121,3,CAT
NM_001181829.1,108,110,172,174,3,CAT
NM_001181829.1,48,50,188,190,3,CGA
NM_001181829.1,31,33,194,196,3,GAA
NM_001181829.1,85,87,194,196,3,GAA
NM_001181829.1,18,20,194,196,3,GAA
NM_001181829.1,133,135,194,196,3,GAA
NM_001181829.1,154,156,194,196,3,GAA
NM_001181829.1,7,9,194,196,3,GAA
NM_001181829.1,25,27,187,189,3,GAA
NM_001181829.1,31,33,187,189,3,GAA
NM_001181829.1,85,87,187,189,3,GAA
NM_001181829.1,18,20,187,189,3,GAA
NM_001181829.1,190,192,194,196,3,GAA
NM_001181829.1,133,135,187,189,3,GAA
NM_001181829.1,154,156,187,189,3,GAA
NM_001181829.1,7,9,187,189,3,GAA
NM_001181829.1,174,176,194,196,3,GAA
NM_001181829.1,145,147,187,189,3,GAA
NM_001181829.1,25,27,115,117,3,GAA
NM_001181829.1,31,33,115,117,3,GAA
NM_001181829.1,85,87,115,117,3,GAA
NM_001181829.1,18,20,115,117,3,GAA
NM_001181829.1,25,27,148,150,3,GAA
NM_001181829.1,31,33,148,150,3,GAA
NM_001181829.1,85,87,148,150,3,GAA
NM_001181829.1,18,20,148,150,3,GAA
NM_001181829.1,100,102,109,111,3,GAT
NM_001181829.1,102,104,159,161,3,TAC
NM_001181829.1,132,135,148,151,4,TGAA
NM_001181829.1,6,9,148,151,4,TGAA
NM_001181829.1,6,9,115,118,4,TGAA
NM_001181829.1,139,142,201,204,4,TGCA
NM_001181829.1,201,204,201,204,4,TGCA
NM_001181829.1,106,109,201,204,4,TGCA
NM_001181829.1,169,172,169,172,4,TGCA
NM_001181829.1,169,172,201,204,4,TGCA
NM_001181829.1,139,142,139,142,4,TGCA
NM_001181829.1,115,121,150,156,7,TTCAATG
NM_001181829.1,69,71,117,119,3,TTG
NM_001181829.1,152,154,203,205,3,TTG
NM_001181829.1,69,71,124,126,3,TTG
NM_001181829.1,75,77,117,119,3,TTG
NM_001181829.1,152,154,162,164,3,TTG
NM_001181829.1,75,77,141,143,3,TTG
NM_001181829.1,69,71,162,164,3,TTG
NM_001181829.1,152,154,197,199,3,TTG
NM_001181829.1,69,71,197,199,3,TTG
NM_001181829.1,75,77,197,199,3,TTG
NM_001184149.1,12,14,71,73,3,AAG
NM_001184149.1,43,45,71,73,3,AAG
NM_001184149.1,25,27,71,73,3,AAG
NM_001184149.1,22,24,71,73,3,AAG
NM_001184149.1,64,66,71,73,3,AAG
NM_001184149.1,46,48,71,73,3,AAG
NM_001184149.1,199,201,206,208,3,AAG
NM_001184149.1,40,42,206,208,3,AAG
NM_001184149.1,157,159,206,208,3,AAG
NM_001184149.1,12,14,206,208,3,AAG
NM_001184149.1,43,45,206,208,3,AAG
NM_001184149.1,25,27,206,208,3,AAG
NM_001184149.1,217,219,272,274,3,AAG
NM_001184149.1,157,159,272,274,3,AAG
NM_001184149.1,12,14,272,274,3,AAG
NM_001184149.1,46,48,272,274,3,AAG
NM_001184149.1,178,180,272,274,3,AAG
NM_001184149.1,43,45,272,274,3,AAG
NM_001184149.1,25,27,272,274,3,AAG
NM_001184149.1,235,237,272,274,3,AAG
NM_001184149.1,22,24,272,274,3,AAG
NM_001184149.1,232,234,272,274,3,AAG
NM_001184149.1,64,66,272,274,3,AAG
NM_001184149.1,149,151,206,208,3,AAG
NM_001184149.1,172,174,206,208,3,AAG
NM_001184149.1,160,162,206,208,3,AAG
NM_001184149.1,55,57,112,114,3,AAT
NM_001184149.1,31,33,166,168,3,ACC
NM_001184149.1,18,20,166,168,3,ACC
NM_001184149.1,34,36,257,259,3,ACT
NM_001184149.1,34,36,161,163,3,ACT
NM_001184149.1,34,36,150,152,3,ACT
NM_001184149.1,41,44,120,123,4,AGAA
NM_001184149.1,23,26,120,123,4,AGAA
NM_001184149.1,44,47,120,123,4,AGAA
NM_001184149.1,37,40,120,123,4,AGAA
NM_001184149.1,65,68,182,185,4,AGAG
NM_001184149.1,26,29,182,185,4,AGAG
NM_001184149.1,13,16,182,185,4,AGAG
NM_001184149.1,106,109,182,185,4,AGAG
NM_001184149.1,200,202,277,279,3,AGC
NM_001184149.1,257,259,271,273,3,AGT
NM_001184149.1,134,137,261,264,4,ATAT
NM_001184149.1,110,113,110,113,4,ATAT
NM_001184149.1,240,243,240,243,4,ATAT
NM_001184149.1,110,113,240,243,4,ATAT
NM_001184149.1,240,243,261,264,4,ATAT
NM_001184149.1,110,113,261,264,4,ATAT
NM_001184149.1,1,3,140,142,3,ATG
NM_001184149.1,1,3,84,86,3,ATG
NM_001184149.1,56,58,84,86,3,ATG
NM_001184149.1,112,114,245,247,3,ATT
NM_001184149.1,141,143,245,247,3,ATT
NM_001184149.1,112,114,127,129,3,ATT
NM_001184149.1,33,35,167,169,3,CAC
NM_001184149.1,6,8,174,176,3,CAC
NM_001184149.1,138,140,174,176,3,CAC
NM_001184149.1,140,142,242,244,3,CAT
NM_001184149.1,84,86,242,244,3,CAT
NM_001184149.1,59,61,165,167,3,CCC
NM_001184149.1,60,62,165,167,3,CCC
NM_001184149.1,8,10,68,70,3,CCC
NM_001184149.1,51,53,68,70,3,CCC
NM_001184149.1,9,11,68,70,3,CCC
NM_001184149.1,99,101,152,154,3,CGA
NM_001184149.1,20,22,36,38,3,CTA
NM_001184149.1,182,185,192,195,4,CTCT
NM_001184149.1,182,185,236,239,4,CTCT
NM_001184149.1,206,208,235,237,3,CTT
NM_001184149.1,71,73,149,151,3,CTT
NM_001184149.1,71,73,172,174,3,CTT
NM_001184149.1,71,73,160,162,3,CTT
NM_001184149.1,71,73,217,219,3,CTT
NM_001184149.1,71,73,178,180,3,CTT
NM_001184149.1,71,73,157,159,3,CTT
NM_001184149.1,71,73,235,237,3,CTT
NM_001184149.1,71,73,232,234,3,CTT
NM_001184149.1,29,31,91,93,3,GAA
NM_001184149.1,16,18,91,93,3,GAA
NM_001184149.1,100,102,120,122,3,GAA
NM_001184149.1,38,40,116,118,3,GAA
NM_001184149.1,42,44,116,118,3,GAA
NM_001184149.1,42,44,91,93,3,GAA
NM_001184149.1,24,26,116,118,3,GAA
NM_001184149.1,24,26,91,93,3,GAA
NM_001184149.1,45,47,116,118,3,GAA
NM_001184149.1,45,47,91,93,3,GAA
NM_001184149.1,79,82,212,215,4,GCCT
NM_001184149.1,79,82,224,227,4,GCCT
NM_001184149.1,79,82,179,182,4,GCCT
NM_001184149.1,79,82,218,221,4,GCCT
NM_001184149.1,204,207,212,215,4,GCCT
NM_001184149.1,204,207,224,227,4,GCCT
NM_001184149.1,94,96,203,205,3,GCT
NM_001184149.1,94,96,200,202,3,GCT
NM_001184149.1,181,183,200,202,3,GCT
NM_001184149.1,213,216,225,228,4,GGCC
NM_001184149.1,219,222,225,228,4,GGCC
NM_001184149.1,225,228,225,228,4,GGCC
NM_001184149.1,213,216,219,222,4,GGCC
NM_001184149.1,219,222,219,222,4,GGCC
NM_001184149.1,213,216,213,216,4,GGCC
NM_001184149.1,3,5,7,9,3,GGT
NM_001184149.1,3,5,18,20,3,GGT
NM_001184149.1,167,169,270,272,3,GTG
NM_001184149.1,258,267,258,267,10,GTTATATAAC
NM_001184149.1,21,23,259,261,3,TAA
NM_001184149.1,63,65,259,261,3,TAA
NM_001184149.1,96,98,207,209,3,TAA
NM_001184149.1,185,187,207,209,3,TAA
NM_001184149.1,36,38,81,83,3,TAG
NM_001184149.1,36,38,62,64,3,TAG
NM_001184149.1,36,38,95,97,3,TAG
NM_001184149.1,137,139,243,245,3,TCA
NM_001184149.1,5,7,123,125,3,TCA
NM_001184149.1,5,7,243,245,3,TCA
NM_001184149.1,152,154,210,212,3,TCG
NM_001184149.1,117,119,228,230,3,TCG
NM_001184149.1,92,94,228,230,3,TCG
NM_001184149.1,92,94,210,212,3,TCG
NM_001184149.1,123,125,137,139,3,TGA
NM_001184149.1,207,209,264,266,3,TTA
NM_001184149.1,120,123,233,236,4,TTCT
NM_001184149.1,120,123,158,161,4,TTCT
NM_001184149.1,120,123,170,173,4,TTCT
NM_001184149.1,89,94,249,254,6,TTTTCG
NM_001184149.1,89,94,99,104,6,TTTTCG
NM_001184438.1,74,78,101,105,5,AAATC
NM_001184438.1,74,78,152,156,5,AAATC
NM_001184438.1,126,128,140,142,3,AAG
NM_001184438.1,34,36,140,142,3,AAG
NM_001184438.1,27,29,106,108,3,AGA
NM_001184438.1,37,39,85,87,3,AGA
NM_001184438.1,35,37,85,87,3,AGA
NM_001184438.1,35,37,106,108,3,AGA
NM_001184438.1,35,37,41,43,3,AGA
NM_001184438.1,27,29,41,43,3,AGA
NM_001184438.1,37,39,41,43,3,AGA
NM_001184438.1,100,102,106,108,3,AGA
NM_001184438.1,5,9,117,121,5,ATTTG
NM_001184438.1,130,134,140,144,5,CAAAG
NM_001184438.1,117,121,153,157,5,CAAAT
NM_001184438.1,26,30,84,88,5,CAGAC
NM_001184438.1,17,21,130,134,5,CTTTG
NM_001184438.1,70,74,90,94,5,GGTGA
NM_001184438.1,84,88,110,114,5,GTCTG
NM_001184438.1,59,63,70,74,5,TCACC
NM_001184438.1,85,87,151,153,3,TCT
NM_001184438.1,85,87,100,102,3,TCT
NM_001184438.1,41,43,111,113,3,TCT
NM_001184438.1,106,108,111,113,3,TCT
NM_001184438.1,41,43,149,151,3,TCT
NM_001184438.1,41,43,133,135,3,TCT
NM_001184438.1,85,87,149,151,3,TCT
NM_001184438.1,85,87,133,135,3,TCT
NM_001184438.1,106,108,149,151,3,TCT
NM_001184438.1,106,108,133,135,3,TCT
NM_001184438.1,41,43,127,129,3,TCT
NM_001184438.1,106,108,127,129,3,TCT
NM_001184438.1,41,43,146,148,3,TCT
NM_001184438.1,85,87,146,148,3,TCT
NM_001184438.1,50,52,77,79,3,TGA
NM_001184438.1,8,10,59,61,3,TGA
NM_001184438.1,50,52,59,61,3,TGA
NM_001184438.1,8,10,90,92,3,TGA
NM_001184438.1,50,52,90,92,3,TGA
NM_001184438.1,20,27,20,27,8,TGGGCCCA
NM_001184438.1,161,168,161,168,8,TGGTACCA
NM_001184438.1,123,127,142,146,5,TTCAA
NM_001184438.1,49,53,123,127,5,TTGAA
NM_001184438.1,18,21,117,120,4,TTTG
NM_001184438.1,6,9,130,133,4,TTTG
NM_001179952.1,140,143,217,220,4,AAGA
NM_001179952.1,92,94,239,241,3,AAT
NM_001179952.1,135,137,151,153,3,ACC
NM_001179952.1,135,137,304,306,3,ACC
NM_001179952.1,227,229,304,306,3,ACC
NM_001179952.1,135,137,292,294,3,ACC
NM_001179952.1,135,137,211,213,3,ACC
NM_001179952.1,135,137,163,165,3,ACC
NM_001179952.1,135,137,205,207,3,ACC
NM_001179952.1,59,61,263,265,3,ACT
NM_001179952.1,173,175,263,265,3,ACT
NM_001179952.1,100,102,263,265,3,ACT
NM_001179952.1,100,102,257,259,3,ACT
NM_001179952.1,138,140,155,157,3,AGA
NM_001179952.1,16,18,155,157,3,AGA
NM_001179952.1,141,143,175,177,3,AGA
NM_001179952.1,16,18,175,177,3,AGA
NM_001179952.1,57,59,61,63,3,AGA
NM_001179952.1,16,18,61,63,3,AGA
NM_001179952.1,57,59,217,219,3,AGA
NM_001179952.1,138,140,217,219,3,AGA
NM_001179952.1,16,18,217,219,3,AGA
NM_001179952.1,68,70,100,102,3,AGT
NM_001179952.1,93,95,283,285,3,ATA
NM_001179952.1,194,196,283,285,3,ATA
NM_001179952.1,97,99,238,240,3,ATC
NM_001179952.1,216,218,271,273,3,ATC
NM_001179952.1,97,99,193,195,3,ATC
NM_001179952.1,1,3,71,73,3,ATG
NM_001179952.1,239,241,281,283,3,ATT
NM_001179952.1,56,59,175,178,4,CAGA
NM_001179952.1,137,140,175,178,4,CAGA
NM_001179952.1,71,73,272,274,3,CAT
NM_001179952.1,243,245,272,274,3,CAT
NM_001179952.1,96,98,244,246,3,CAT
NM_001179952.1,71,73,244,246,3,CAT
NM_001179952.1,159,162,220,223,4,CCAA
NM_001179952.1,171,174,277,280,4,CGAC
NM_001179952.1,111,114,277,280,4,CGAC
NM_001179952.1,111,114,293,296,4,CGAC
NM_001179952.1,111,114,118,121,4,CGAC
NM_001179952.1,38,40,127,129,3,CTT
NM_001179952.1,38,40,88,90,3,CTT
NM_001179952.1,38,40,262,264,3,CTT
NM_001179952.1,38,40,256,258,3,CTT
NM_001179952.1,156,158,262,264,3,CTT
NM_001179952.1,156,158,256,258,3,CTT
NM_001179952.1,38,40,209,211,3,CTT
NM_001179952.1,38,40,190,192,3,CTT
NM_001179952.1,38,40,161,163,3,CTT
NM_001179952.1,38,40,106,108,3,CTT
NM_001179952.1,38,40,115,117,3,CTT
NM_001179952.1,38,40,83,85,3,CTT
NM_001179952.1,38,40,148,150,3,CTT
NM_001179952.1,156,158,209,211,3,CTT
NM_001179952.1,156,158,190,192,3,CTT
NM_001179952.1,156,158,161,163,3,CTT
NM_001179952.1,156,158,230,232,3,CTT
NM_001179952.1,38,40,322,324,3,CTT
NM_001179952.1,38,40,67,69,3,CTT
NM_001179952.1,38,40,185,187,3,CTT
NM_001179952.1,156,158,185,187,3,CTT
NM_001179952.1,47,49,325,327,3,CTT
NM_001179952.1,47,49,262,264,3,CTT
NM_001179952.1,47,49,256,258,3,CTT
NM_001179952.1,47,49,209,211,3,CTT
NM_001179952.1,47,49,190,192,3,CTT
NM_001179952.1,47,49,161,163,3,CTT
NM_001179952.1,47,49,106,108,3,CTT
NM_001179952.1,47,49,115,117,3,CTT
NM_001179952.1,47,49,83,85,3,CTT
NM_001179952.1,47,49,148,150,3,CTT
NM_001179952.1,47,49,203,205,3,CTT
NM_001179952.1,47,49,127,129,3,CTT
NM_001179952.1,47,49,88,90,3,CTT
NM_001179952.1,47,49,322,324,3,CTT
NM_001179952.1,47,49,308,310,3,CTT
NM_001179952.1,47,49,140,142,3,CTT
NM_001179952.1,47,49,311,313,3,CTT
NM_001179952.1,218,220,325,327,3,CTT
NM_001179952.1,218,220,262,264,3,CTT
NM_001179952.1,218,220,256,258,3,CTT
NM_001179952.1,218,220,230,232,3,CTT
NM_001179952.1,17,19,131,133,3,GAA
NM_001179952.1,79,81,288,290,3,GAA
NM_001179952.1,267,269,288,290,3,GAA
NM_001179952.1,139,141,288,290,3,GAA
NM_001179952.1,31,33,39,41,3,GAA
NM_001179952.1,17,19,157,159,3,GAA
NM_001179952.1,79,81,157,159,3,GAA
NM_001179952.1,31,33,157,159,3,GAA
NM_001179952.1,51,53,288,290,3,GAA
NM_001179952.1,43,45,288,290,3,GAA
NM_001179952.1,202,204,288,290,3,GAA
NM_001179952.1,17,19,25,27,3,GAA
NM_001179952.1,280,282,288,290,3,GAA
NM_001179952.1,91,93,131,133,3,GAA
NM_001179952.1,214,216,288,290,3,GAA
NM_001179952.1,112,115,153,156,4,GACA
NM_001179952.1,103,106,153,156,4,GACA
NM_001179952.1,142,145,165,168,4,GACA
NM_001179952.1,142,145,297,300,4,GACA
NM_001179952.1,112,115,165,168,4,GACA
NM_001179952.1,112,115,297,300,4,GACA
NM_001179952.1,103,106,165,168,4,GACA
NM_001179952.1,103,106,297,300,4,GACA
NM_001179952.1,23,25,97,99,3,GAT
NM_001179952.1,193,195,216,218,3,GAT
NM_001179952.1,10,12,273,275,3,GCA
NM_001179952.1,85,87,314,316,3,GGT
NM_001179952.1,13,15,314,316,3,GGT
NM_001179952.1,124,126,314,316,3,GGT
NM_001179952.1,85,87,227,229,3,GGT
NM_001179952.1,13,15,227,229,3,GGT
NM_001179952.1,211,213,314,316,3,GGT
NM_001179952.1,163,165,314,316,3,GGT
NM_001179952.1,211,213,227,229,3,GGT
NM_001179952.1,163,165,227,229,3,GGT
NM_001179952.1,28,30,314,316,3,GGT
NM_001179952.1,304,306,314,316,3,GGT
NM_001179952.1,28,30,227,229,3,GGT
NM_001179952.1,151,153,227,229,3,GGT
NM_001179952.1,129,131,314,316,3,GGT
NM_001179952.1,129,131,227,229,3,GGT
NM_001179952.1,117,119,135,137,3,GGT
NM_001179952.1,85,87,135,137,3,GGT
NM_001179952.1,13,15,135,137,3,GGT
NM_001179952.1,211,213,319,321,3,GGT
NM_001179952.1,163,165,319,321,3,GGT
NM_001179952.1,205,207,319,321,3,GGT
NM_001179952.1,117,119,319,321,3,GGT
NM_001179952.1,85,87,319,321,3,GGT
NM_001179952.1,13,15,319,321,3,GGT
NM_001179952.1,28,30,135,137,3,GGT
NM_001179952.1,28,30,319,321,3,GGT
NM_001179952.1,304,306,319,321,3,GGT
NM_001179952.1,292,294,319,321,3,GGT
NM_001179952.1,151,153,319,321,3,GGT
NM_001179952.1,118,121,171,174,4,GTCG
NM_001179952.1,195,197,240,242,3,TAA
NM_001179952.1,15,17,233,235,3,TAG
NM_001179952.1,98,100,266,268,3,TCA
NM_001179952.1,63,65,306,308,3,TCA
NM_001179952.1,63,65,213,215,3,TCA
NM_001179952.1,207,209,306,308,3,TCA
NM_001179952.1,207,209,213,215,3,TCA
NM_001179952.1,98,100,102,104,3,TCA
NM_001179952.1,63,65,102,104,3,TCA
NM_001179952.1,98,100,201,203,3,TCA
NM_001179952.1,63,65,78,80,3,TCA
NM_001179952.1,63,65,201,203,3,TCA
NM_001179952.1,70,72,78,80,3,TCA
NM_001179952.1,70,72,201,203,3,TCA
NM_001179952.1,70,72,306,308,3,TCA
NM_001179952.1,70,72,213,215,3,TCA
NM_001179952.1,70,72,266,268,3,TCA
NM_001179952.1,40,43,224,227,4,TCTG
NM_001179952.1,40,43,56,59,4,TCTG
NM_001179952.1,4,7,137,140,4,TCTG
NM_001179952.1,217,220,322,325,4,TCTT
NM_001179952.1,217,220,311,314,4,TCTT
NM_001179952.1,217,220,308,311,4,TCTT
NM_001179952.1,155,158,322,325,4,TCTT
NM_001179952.1,42,45,131,134,4,TGAA
NM_001179952.1,30,33,131,134,4,TGAA
NM_001179952.1,2,5,103,106,4,TGTC
NM_001179952.1,2,5,112,115,4,TGTC
NM_001179952.1,131,134,213,216,4,TTCA
NM_001179952.1,131,134,306,309,4,TTCA
NM_001179952.1,131,134,201,204,4,TTCA
NM_001179952.1,220,223,260,263,4,TTGG
NM_001179952.1,220,223,228,231,4,TTGG
NM_001179952.1,220,223,320,323,4,TTGG
NM_001179952.1,220,223,316,319,4,TTGG
NM_001180463.1,48,50,314,316,3,AAA
NM_001180463.1,48,50,313,315,3,AAA
NM_001180463.1,48,50,245,247,3,AAA
NM_001180463.1,267,269,314,316,3,AAA
NM_001180463.1,48,50,115,117,3,AAA
NM_001180463.1,19,22,116,119,4,AGAA
NM_001180463.1,16,19,107,110,4,AGAA
NM_001180463.1,16,19,116,119,4,AGAA
NM_001180463.1,232,234,273,275,3,ATC
NM_001180463.1,175,177,273,275,3,ATC
NM_001180463.1,130,132,273,275,3,ATC
NM_001180463.1,258,260,273,275,3,ATC
NM_001180463.1,1,3,363,365,3,ATG
NM_001180463.1,166,168,363,365,3,ATG
NM_001180463.1,4,6,363,365,3,ATG
NM_001180463.1,134,136,363,365,3,ATG
NM_001180463.1,1,3,327,329,3,ATG
NM_001180463.1,68,70,327,329,3,ATG
NM_001180463.1,166,168,327,329,3,ATG
NM_001180463.1,4,6,327,329,3,ATG
NM_001180463.1,134,136,327,329,3,ATG
NM_001180463.1,1,3,165,167,3,ATG
NM_001180463.1,4,6,165,167,3,ATG
NM_001180463.1,134,136,165,167,3,ATG
NM_001180463.1,1,3,174,176,3,ATG
NM_001180463.1,68,70,174,176,3,ATG
NM_001180463.1,166,168,174,176,3,ATG
NM_001180463.1,1,3,255,257,3,ATG
NM_001180463.1,68,70,255,257,3,ATG
NM_001180463.1,166,168,255,257,3,ATG
NM_001180463.1,4,6,255,257,3,ATG
NM_001180463.1,134,136,255,257,3,ATG
NM_001180463.1,1,3,398,400,3,ATG
NM_001180463.1,1,3,147,149,3,ATG
NM_001180463.1,68,70,398,400,3,ATG
NM_001180463.1,166,168,398,400,3,ATG
NM_001180463.1,68,70,147,149,3,ATG
NM_001180463.1,4,6,398,400,3,ATG
NM_001180463.1,134,136,398,400,3,ATG
NM_001180463.1,4,6,147,149,3,ATG
NM_001180463.1,134,136,147,149,3,ATG
NM_001180463.1,1,3,88,90,3,ATG
NM_001180463.1,89,91,327,329,3,ATG
NM_001180463.1,89,91,174,176,3,ATG
NM_001180463.1,4,6,88,90,3,ATG
NM_001180463.1,89,91,255,257,3,ATG
NM_001180463.1,89,91,363,365,3,ATG
NM_001180463.1,1,3,231,233,3,ATG
NM_001180463.1,68,70,231,233,3,ATG
NM_001180463.1,166,168,231,233,3,ATG
NM_001180463.1,85,87,152,154,3,CAA
NM_001180463.1,177,184,204,211,8,CAGCGGCA
NM_001180463.1,255,257,407,409,3,CAT
NM_001180463.1,363,365,407,409,3,CAT
NM_001180463.1,88,90,134,136,3,CAT
NM_001180463.1,88,90,407,409,3,CAT
NM_001180463.1,165,167,407,409,3,CAT
NM_001180463.1,147,149,166,168,3,CAT
NM_001180463.1,147,149,407,409,3,CAT
NM_001180463.1,398,400,407,409,3,CAT
NM_001180463.1,327,329,407,409,3,CAT
NM_001180463.1,63,65,89,91,3,CAT
NM_001180463.1,63,65,68,70,3,CAT
NM_001180463.1,74,76,383,385,3,CGC
NM_001180463.1,260,262,383,385,3,CGC
NM_001180463.1,195,197,383,385,3,CGC
NM_001180463.1,186,188,196,198,3,CGC
NM_001180463.1,53,55,196,198,3,CGC
NM_001180463.1,74,76,196,198,3,CGC
NM_001180463.1,186,188,322,324,3,CGC
NM_001180463.1,53,55,322,324,3,CGC
NM_001180463.1,74,76,322,324,3,CGC
NM_001180463.1,303,305,322,324,3,CGC
NM_001180463.1,318,320,322,324,3,CGC
NM_001180463.1,260,262,322,324,3,CGC
NM_001180463.1,44,46,196,198,3,CGC
NM_001180463.1,44,46,383,385,3,CGC
NM_001180463.1,201,203,383,385,3,CGC
NM_001180463.1,44,46,322,324,3,CGC
NM_001180463.1,201,203,322,324,3,CGC
NM_001180463.1,53,55,179,181,3,CGC
NM_001180463.1,74,76,179,181,3,CGC
NM_001180463.1,189,191,322,324,3,CGC
NM_001180463.1,207,209,322,324,3,CGC
NM_001180463.1,215,222,367,374,8,CTAACACC
NM_001180463.1,6,13,241,248,8,GAAAGGTT
NM_001180463.1,154,156,232,234,3,GAT
NM_001180463.1,3,5,130,132,3,GAT
NM_001180463.1,3,5,258,260,3,GAT
NM_001180463.1,75,82,75,82,8,GCAGCTGC
NM_001180463.1,70,74,211,215,5,GCCAC
NM_001180463.1,319,323,383,387,5,GCCGC
NM_001180463.1,187,191,383,387,5,GCCGC
NM_001180463.1,179,183,319,323,5,GCGGC
NM_001180463.1,158,160,162,164,3,GTA
NM_001180463.1,158,160,396,398,3,GTA
NM_001180463.1,26,28,96,98,3,GTA
NM_001180463.1,26,28,159,161,3,GTA
NM_001180463.1,158,160,171,173,3,GTA
NM_001180463.1,26,28,396,398,3,GTA
NM_001180463.1,211,215,376,380,5,GTGGC
NM_001180463.1,211,215,297,301,5,GTGGC
NM_001180463.1,11,15,143,147,5,GTTCT
NM_001180463.1,11,15,19,23,5,GTTCT
NM_001180463.1,106,110,143,147,5,GTTCT
NM_001180463.1,39,41,158,160,3,TAC
NM_001180463.1,156,163,156,163,8,TAGTACTA
NM_001180463.1,176,183,187,194,8,TCAGCGGC
NM_001180463.1,13,15,122,124,3,TCT
NM_001180463.1,13,15,280,282,3,TCT
NM_001180463.1,94,96,356,358,3,TCT
NM_001180463.1,94,96,282,284,3,TCT
NM_001180463.1,13,15,356,358,3,TCT
NM_001180463.1,13,15,282,284,3,TCT
NM_001180463.1,94,96,137,139,3,TCT
NM_001180463.1,94,96,347,349,3,TCT
NM_001180463.1,94,96,143,145,3,TCT
NM_001180463.1,92,94,278,280,3,TCT
NM_001180463.1,13,15,278,280,3,TCT
NM_001180463.1,294,296,347,349,3,TCT
NM_001180463.1,117,119,122,124,3,TCT
NM_001180463.1,117,119,280,282,3,TCT
NM_001180463.1,117,119,356,358,3,TCT
NM_001180463.1,117,119,282,284,3,TCT
NM_001180463.1,92,94,269,271,3,TCT
NM_001180463.1,117,119,269,271,3,TCT
NM_001180463.1,13,15,269,271,3,TCT
NM_001180463.1,94,96,309,311,3,TCT
NM_001180463.1,117,119,309,311,3,TCT
NM_001180463.1,13,15,309,311,3,TCT
NM_001180463.1,108,110,278,280,3,TCT
NM_001180463.1,108,110,122,124,3,TCT
NM_001180463.1,108,110,280,282,3,TCT
NM_001180463.1,94,96,350,352,3,TCT
NM_001180463.1,94,96,389,391,3,TCT
NM_001180463.1,108,110,356,358,3,TCT
NM_001180463.1,108,110,282,284,3,TCT
NM_001180463.1,294,296,350,352,3,TCT
NM_001180463.1,335,337,350,352,3,TCT
NM_001180463.1,92,94,350,352,3,TCT
NM_001180463.1,294,296,389,391,3,TCT
NM_001180463.1,335,337,389,391,3,TCT
NM_001180463.1,92,94,389,391,3,TCT
NM_001180463.1,99,101,111,113,3,TGA
NM_001180463.1,99,101,287,289,3,TGA
NM_001180463.1,192,194,287,289,3,TGA
NM_001180463.1,135,137,276,278,3,TGA
NM_001180463.1,135,137,330,332,3,TGA
NM_001180463.1,135,137,287,289,3,TGA
NM_001180463.1,5,7,227,229,3,TGA
NM_001180463.1,167,169,227,229,3,TGA
NM_001180463.1,99,101,227,229,3,TGA
NM_001180463.1,192,194,227,229,3,TGA
NM_001180463.1,2,4,276,278,3,TGA
NM_001180463.1,2,4,330,332,3,TGA
NM_001180463.1,2,4,227,229,3,TGA
NM_001180463.1,2,4,111,113,3,TGA
NM_001180463.1,2,4,287,289,3,TGA
NM_001180463.1,135,137,176,178,3,TGA
NM_001180463.1,5,7,176,178,3,TGA
NM_001180463.1,167,169,176,178,3,TGA
NM_001180463.1,153,155,276,278,3,TGA
NM_001180463.1,153,155,330,332,3,TGA
NM_001180463.1,12,19,12,19,8,TTCTAGAA
NM_001178771.1,47,53,288,294,7,AACAGGG
NM_001178771.1,26,32,288,294,7,AACAGGG
NM_001178771.1,22,24,38,40,3,AAG
NM_001178771.1,261,267,287,293,7,ACAGGGA
NM_001178771.1,102,108,193,199,7,ACCGCAG
NM_001178771.1,208,210,247,249,3,ACG
NM_001178771.1,87,89,279,281,3,ACT
NM_001178771.1,17,19,67,69,3,AGC
NM_001178771.1,17,19,169,171,3,AGC
NM_001178771.1,124,126,169,171,3,AGC
NM_001178771.1,132,134,141,143,3,AGC
NM_001178771.1,17,19,141,143,3,AGC
NM_001178771.1,4,6,141,143,3,AGC
NM_001178771.1,132,134,255,257,3,AGC
NM_001178771.1,17,19,255,257,3,AGC
NM_001178771.1,4,6,255,257,3,AGC
NM_001178771.1,215,217,255,257,3,AGC
NM_001178771.1,132,134,223,225,3,AGC
NM_001178771.1,17,19,223,225,3,AGC
NM_001178771.1,124,126,223,225,3,AGC
NM_001178771.1,185,187,223,225,3,AGC
NM_001178771.1,4,6,223,225,3,AGC
NM_001178771.1,215,217,223,225,3,AGC
NM_001178771.1,279,281,309,311,3,AGT
NM_001178771.1,161,163,171,173,3,ATA
NM_001178771.1,161,163,225,227,3,ATA
NM_001178771.1,159,161,225,227,3,ATA
NM_001178771.1,161,163,244,246,3,ATA
NM_001178771.1,231,233,304,306,3,ATC
NM_001178771.1,286,288,304,306,3,ATC
NM_001178771.1,145,147,320,322,3,ATC
NM_001178771.1,59,61,304,306,3,ATC
NM_001178771.1,245,247,304,306,3,ATC
NM_001178771.1,59,61,144,146,3,ATC
NM_001178771.1,59,61,230,232,3,ATC
NM_001178771.1,226,228,230,232,3,ATC
NM_001178771.1,59,61,285,287,3,ATC
NM_001178771.1,245,247,285,287,3,ATC
NM_001178771.1,226,228,285,287,3,ATC
NM_001178771.1,9,15,173,179,7,ATTTGAA
NM_001178771.1,7,13,234,240,7,CAATTTG
NM_001178771.1,19,21,68,70,3,CAG
NM_001178771.1,106,108,256,258,3,CAG
NM_001178771.1,19,21,256,258,3,CAG
NM_001178771.1,212,214,256,258,3,CAG
NM_001178771.1,228,230,256,258,3,CAG
NM_001178771.1,106,108,142,144,3,CAG
NM_001178771.1,19,21,142,144,3,CAG
NM_001178771.1,166,168,256,258,3,CAG
NM_001178771.1,184,186,290,292,3,CAG
NM_001178771.1,28,30,256,258,3,CAG
NM_001178771.1,49,51,256,258,3,CAG
NM_001178771.1,19,21,55,57,3,CAG
NM_001178771.1,106,108,290,292,3,CAG
NM_001178771.1,19,21,290,292,3,CAG
NM_001178771.1,212,214,290,292,3,CAG
NM_001178771.1,228,230,290,292,3,CAG
NM_001178771.1,28,30,142,144,3,CAG
NM_001178771.1,49,51,142,144,3,CAG
NM_001178771.1,19,21,75,77,3,CAG
NM_001178771.1,28,30,151,153,3,CAG
NM_001178771.1,49,51,151,153,3,CAG
NM_001178771.1,123,125,151,153,3,CAG
NM_001178771.1,106,108,151,153,3,CAG
NM_001178771.1,19,21,151,153,3,CAG
NM_001178771.1,28,30,95,97,3,CAG
NM_001178771.1,49,51,95,97,3,CAG
NM_001178771.1,166,168,193,195,3,CAG
NM_001178771.1,28,30,193,195,3,CAG
NM_001178771.1,49,51,193,195,3,CAG
NM_001178771.1,123,125,193,195,3,CAG
NM_001178771.1,184,186,193,195,3,CAG
NM_001178771.1,278,280,290,292,3,CAG
NM_001178771.1,112,118,324,330,7,CCGGTCG
NM_001178771.1,54,58,261,265,5,CCTGT
NM_001178771.1,250,252,272,274,3,CTA
NM_001178771.1,224,226,272,274,3,CTA
NM_001178771.1,170,172,272,274,3,CTA
NM_001178771.1,224,226,251,253,3,CTA
NM_001178771.1,224,226,296,298,3,CTA
NM_001178771.1,170,172,251,253,3,CTA
NM_001178771.1,170,172,296,298,3,CTA
NM_001178771.1,88,90,272,274,3,CTA
NM_001178771.1,88,90,221,223,3,CTA
NM_001178771.1,88,90,251,253,3,CTA
NM_001178771.1,88,90,296,298,3,CTA
NM_001178771.1,68,71,282,285,4,CTGT
NM_001178771.1,75,78,261,264,4,CTGT
NM_001178771.1,75,78,165,168,4,CTGT
NM_001178771.1,75,78,122,125,4,CTGT
NM_001178771.1,75,78,282,285,4,CTGT
NM_001178771.1,38,44,127,133,7,CTTTGTT
NM_001178771.1,230,232,245,247,3,GAT
NM_001178771.1,144,146,245,247,3,GAT
NM_001178771.1,5,7,52,54,3,GCC
NM_001178771.1,5,7,31,33,3,GCC
NM_001178771.1,53,55,138,140,3,GCC
NM_001178771.1,53,55,258,260,3,GCC
NM_001178771.1,5,7,210,212,3,GCC
NM_001178771.1,133,135,210,212,3,GCC
NM_001178771.1,53,55,210,212,3,GCC
NM_001178771.1,169,171,254,256,3,GCT
NM_001178771.1,223,225,267,269,3,GCT
NM_001178771.1,169,171,267,269,3,GCT
NM_001178771.1,97,99,222,224,3,GCT
NM_001178771.1,169,171,215,217,3,GCT
NM_001178771.1,255,257,267,269,3,GCT
NM_001178771.1,141,143,254,256,3,GCT
NM_001178771.1,141,143,222,224,3,GCT
NM_001178771.1,141,143,215,217,3,GCT
NM_001178771.1,67,69,254,256,3,GCT
NM_001178771.1,67,69,222,224,3,GCT
NM_001178771.1,67,69,267,269,3,GCT
NM_001178771.1,67,69,215,217,3,GCT
NM_001178771.1,169,171,185,187,3,GCT
NM_001178771.1,97,99,132,134,3,GCT
NM_001178771.1,31,33,53,55,3,GGC
NM_001178771.1,52,54,182,184,3,GGC
NM_001178771.1,168,170,182,184,3,GGC
NM_001178771.1,66,68,182,184,3,GGC
NM_001178771.1,52,54,133,135,3,GGC
NM_001178771.1,31,33,133,135,3,GGC
NM_001178771.1,162,165,294,297,4,TACA
NM_001178771.1,162,165,219,222,4,TACA
NM_001178771.1,281,284,294,297,4,TACA
NM_001178771.1,121,124,294,297,4,TACA
NM_001178771.1,199,202,294,297,4,TACA
NM_001178771.1,121,124,219,222,4,TACA
NM_001178771.1,199,202,219,222,4,TACA
NM_001178771.1,221,223,250,252,3,TAG
NM_001178771.1,251,253,310,312,3,TAG
NM_001178771.1,160,162,321,323,3,TAT
NM_001178771.1,225,227,243,245,3,TAT
NM_001178771.1,58,60,159,161,3,TAT
NM_001178771.1,58,60,243,245,3,TAT
NM_001178771.1,171,173,321,323,3,TAT
NM_001178771.1,79,81,159,161,3,TAT
NM_001178771.1,79,81,243,245,3,TAT
NM_001178771.1,79,81,321,323,3,TAT
NM_001178771.1,79,81,161,163,3,TAT
NM_001178771.1,219,222,281,284,4,TGTA
NM_001178771.1,56,59,199,202,4,TGTA
NM_001178771.1,179,187,255,263,9,TGTGCCAGC
NM_001178771.1,78,80,89,91,3,TTA
