DP00072,12994,12999,13528,13533,6,ADGKKR
DP00072,406,411,699,704,6,AEAVAT
DP00072,15583,15590,22658,22665,8,AENAAGIS
DP00072,23740,23747,26986,26993,8,AENAAGLS
DP00072,24822,24832,25905,25915,11,AENAAGVGEPS
DP00072,27673,27680,29156,29163,8,AENAAGVG
DP00072,25905,25912,29156,29163,8,AENAAGVG
DP00072,24822,24829,29156,29163,8,AENAAGVG
DP00072,25905,25912,27673,27680,8,AENAAGVG
DP00072,24822,24829,27673,27680,8,AENAAGVG
DP00072,4925,4930,15187,15192,6,AENEAG
DP00072,19399,19408,28368,28377,10,AENEIGIGEP
DP00072,18015,18022,19399,19406,8,AENEIGIG
DP00072,18015,18022,28368,28375,8,AENEIGIG
DP00072,22954,22964,24036,24046,11,AENEYGIGLPA
DP00072,20789,20796,21870,21877,8,AENEYGIG
DP00072,20789,20796,22954,22961,8,AENEYGIG
DP00072,20789,20796,24036,24043,8,AENEYGIG
DP00072,21870,21877,22954,22961,8,AENEYGIG
DP00072,21870,21877,24036,24043,8,AENEYGIG
DP00072,18411,18416,24426,24431,6,AENIVG
DP00072,18411,18416,25508,25513,6,AENIVG
DP00072,18411,18416,23344,23349,6,AENIVG
DP00072,24426,24431,25508,25513,6,AENIVG
DP00072,23344,23349,24426,24431,6,AENIVG
DP00072,20391,20398,21079,21086,8,AENKYGVG
DP00072,14886,14891,18706,18711,6,AENLAG
DP00072,19995,20002,27573,27580,8,AENRFGIS
DP00072,23244,23251,26490,26497,8,AENRYGKS
DP00072,23244,23251,25408,25415,8,AENRYGKS
DP00072,25408,25415,26490,26497,8,AENRYGKS
DP00072,7080,7085,17619,17624,6,AENSIG
DP00072,2164,2169,6060,6065,6,AFLLVQ
DP00072,22869,22877,26116,26124,9,AFVNVRVLD
DP00072,23088,23093,25252,25257,6,AGEDLK
DP00072,14990,14996,16714,16720,7,AGESEPS
DP00072,16611,16618,21579,21586,8,AGIGPPSE
DP00072,14890,14896,20495,20501,7,AGPGKPS
DP00072,6980,6985,9051,9056,6,AGQYSC
DP00072,7746,7753,8687,8694,8,AGSDECSA
DP00072,18222,18227,18516,18521,6,AGSKTV
DP00072,6429,6434,32801,32806,6,AGSTSC
DP00072,7030,7035,8912,8917,6,AGTPEI
DP00072,21681,21686,25909,25914,6,AGVGEP
DP00072,21681,21686,24826,24831,6,AGVGEP
DP00072,21183,21189,27677,27683,7,AGVGKPS
DP00072,16607,16612,17324,17329,6,AINAAG
DP00072,20491,20496,23842,23847,6,AINKAG
DP00072,1632,1637,23842,23847,6,AINKAG
DP00072,530,537,664,671,8,AKAKEQET
DP00072,13196,13201,13285,13290,6,AKDFKT
DP00072,23068,23073,24150,24155,6,AKDLVI
DP00072,2875,2880,3138,3143,6,AKLFVE
DP00072,24524,24529,29945,29950,6,AKNAAG
DP00072,22360,22365,29945,29950,6,AKNAAG
DP00072,5487,5492,29547,29552,6,AKNDAG
DP00072,5537,5543,7603,7609,7,AKWFKDG
DP00072,21197,21207,22280,22290,11,ALDPIDPPGKP
DP00072,5218,5225,13203,13210,8,ANLFVKEP
DP00072,10736,10741,11217,11222,6,APPAKV
DP00072,10736,10741,11671,11676,6,APPAKV
DP00072,10736,10741,10982,10987,6,APPAKV
DP00072,10736,10741,10900,10905,6,APPAKV
DP00072,10736,10741,10954,10959,6,APPAKV
DP00072,10736,10741,11134,11139,6,APPAKV
DP00072,10736,10741,11240,11245,6,APPAKV
DP00072,10294,10299,10736,10741,6,APPAKV
DP00072,11524,11529,17080,17085,6,APPKKP
DP00072,23050,23055,30638,30643,6,AQNEKG
DP00072,24444,24452,26608,26616,9,ARDPCDPPG
DP00072,23362,23370,26608,26616,9,ARDPCDPPG
DP00072,25526,25534,26608,26616,9,ARDPCDPPG
DP00072,19802,19807,27771,27776,6,ARNAVG
DP00072,19802,19807,28857,28862,6,ARNAVG
DP00072,27771,27776,28857,28862,6,ARNAVG
DP00072,436,441,712,717,6,ARVREP
DP00072,7842,7848,8783,8789,7,ASCTTHL
DP00072,4457,4462,26201,26206,6,ASNEYG
DP00072,9347,9353,24627,24633,7,ASNVAGS
DP00072,7183,7189,9065,9071,7,ASSSARL
DP00072,2192,2197,9778,9783,6,ATFECE
DP00072,2962,2967,4468,4473,6,ATLTVT
DP00072,7272,7277,8400,8405,6,ATNDVG
DP00072,7459,7464,31534,31539,6,ATNEVG
DP00072,178,183,5114,5119,6,ATNSVG
DP00072,89,97,185,193,9,ATSTAELLV
DP00072,425,434,701,710,10,AVATVVAAVD
DP00072,2724,2730,12873,12879,7,AVFTVEL
DP00072,6812,6822,7753,7763,11,AVLTVQEPPSF
DP00072,16005,16011,18118,18124,7,AVNAAGE
DP00072,1017,1022,16710,16715,6,AVNEAG
DP00072,24132,24142,26297,26307,11,AVNEKGRSDPR
DP00072,19701,19706,29451,29456,6,AVNEYG
DP00072,25805,25817,27969,27981,13,AVNKYGIGEPLES
DP00072,16502,16508,25805,25811,7,AVNKYGI
DP00072,10598,10604,10745,10751,7,AVPEEKV
DP00072,11487,11508,11571,11592,22,AVPEKKVPEAIPPKPESPPPEV
DP00072,22255,22262,22353,22360,8,AYEFRVIA
DP00072,12660,12667,13016,13023,8,CDCGTDKT
DP00072,33718,33723,34082,34087,6,CEISGE
DP00072,5903,5908,29267,29272,6,CEVTGT
DP00072,8160,8165,9101,9106,6,CHVTGT
DP00072,5954,5959,8774,8779,6,CIVSNE
DP00072,7078,7083,8960,8965,6,CKAENS
DP00072,5061,5066,6372,6377,6,CKIAGS
DP00072,7551,7559,8492,8500,9,CQIKNDAGM
DP00072,7174,7187,8115,8128,14,CSASNPLGTASSSA
DP00072,20767,20772,25096,25101,6,CSKTSF
DP00072,23814,23819,25979,25984,6,CTPPTG
DP00072,28651,28657,31324,31330,7,DAEYQFR
DP00072,1150,1156,21373,21379,7,DAGEYTI
DP00072,20687,20693,25016,25022,7,DAGKYIL
DP00072,20976,20982,30438,30444,7,DAGKYTI
DP00072,6697,6702,12205,12210,6,DAGTYT
DP00072,9825,9830,12476,12481,6,DDEGVY
DP00072,22508,22514,27919,27925,7,DDGGAKI
DP00072,16149,16157,21524,21532,9,DDGGSEITG
DP00072,14736,14746,17170,17180,11,DDGGSKITNYV
DP00072,14835,14844,20440,20449,10,DDGGSPITGY
DP00072,17569,17576,20440,20447,8,DDGGSPIT
DP00072,14835,14842,17569,17576,8,DDGGSPIT
DP00072,12477,12482,31526,31531,6,DEGVYT
DP00072,26837,26842,31182,31187,6,DGGADI
DP00072,14144,14150,30094,30100,7,DGGAEIT
DP00072,19752,19758,22509,22515,7,DGGAKID
DP00072,26152,26158,27920,27926,7,DGGAKIT
DP00072,26638,26644,27920,27926,7,DGGAKIT
DP00072,26152,26158,26638,26644,7,DGGAKIT
DP00072,19450,19455,27037,27042,6,DGGAPI
DP00072,25956,25962,27231,27237,7,DGGAPVK
DP00072,19250,19256,23791,23797,7,DGGCEIQ
DP00072,24619,24625,25702,25708,7,DGGQYIL
DP00072,24673,24679,28019,28025,7,DGGSDIS
DP00072,15755,15763,22608,22616,9,DGGSEIINY
DP00072,15755,15763,17670,17678,9,DGGSEIINY
DP00072,17670,17678,22608,22616,9,DGGSEIINY
DP00072,23690,23699,24873,24882,10,DGGSEILGYV
DP00072,21525,21533,22709,22717,9,DGGSEITGY
DP00072,20342,20351,21030,21039,10,DGGSEITNYI
DP00072,21030,21036,22709,22715,7,DGGSEIT
DP00072,16150,16156,20342,20348,7,DGGSEIT
DP00072,20342,20348,21525,21531,7,DGGSEIT
DP00072,20342,20348,22709,22715,7,DGGSEIT
DP00072,14043,14051,20143,20151,9,DGGSKIIGY
DP00072,14043,14051,29794,29802,9,DGGSKIIGY
DP00072,25556,25567,27721,27732,12,DGGSKITGYIVE
DP00072,23392,23403,27721,27732,12,DGGSKITGYIVE
DP00072,21918,21927,26249,26258,10,DGGSKITGYV
DP00072,21918,21926,27721,27729,9,DGGSKITGY
DP00072,21918,21926,25556,25564,9,DGGSKITGY
DP00072,21918,21926,23392,23400,9,DGGSKITGY
DP00072,26249,26257,27721,27729,9,DGGSKITGY
DP00072,25556,25564,26249,26257,9,DGGSKITGY
DP00072,23392,23400,26249,26257,9,DGGSKITGY
DP00072,17866,17875,32075,32084,10,DGGSKITNYI
DP00072,17171,17179,32075,32083,9,DGGSKITNY
DP00072,14737,14745,32075,32083,9,DGGSKITNY
DP00072,17374,17379,29892,29897,6,DGGSKV
DP00072,20045,20054,20542,20551,10,DGGSPIIGYL
DP00072,20045,20051,28319,28325,7,DGGSPII
DP00072,20045,20051,20740,20746,7,DGGSPII
DP00072,20542,20548,28319,28325,7,DGGSPII
DP00072,20542,20548,20740,20746,7,DGGSPII
DP00072,16658,16664,21426,21432,7,DGGSPIK
DP00072,14245,14253,22212,22220,9,DGGSPILGY
DP00072,14245,14253,18757,18765,9,DGGSPILGY
DP00072,18363,18372,20441,20450,10,DGGSPITGYL
DP00072,14836,14844,18657,18665,9,DGGSPITGY
DP00072,14836,14844,18363,18371,9,DGGSPITGY
DP00072,18657,18665,20441,20449,9,DGGSPITGY
DP00072,18363,18371,18657,18665,9,DGGSPITGY
DP00072,15037,15045,17570,17578,9,DGGSPITNY
DP00072,16965,16971,17270,17276,7,DGGSPVT
DP00072,19652,19658,30885,30891,7,DGGSQVT
DP00072,27524,27530,30885,30891,7,DGGSQVT
DP00072,19652,19658,27524,27530,7,DGGSQVT
DP00072,21821,21827,29499,29505,7,DGGSRIT
DP00072,23294,23305,26540,26551,12,DGGSRVIGYHLE
DP00072,25166,25171,31283,31288,6,DGGSRV
DP00072,26540,26545,31283,31288,6,DGGSRV
DP00072,23294,23299,31283,31288,6,DGGSRV
DP00072,25166,25171,26540,26545,6,DGGSRV
DP00072,23294,23299,25166,25171,6,DGGSRV
DP00072,18263,18269,28416,28422,7,DGGSVIT
DP00072,12462,12468,12728,12734,7,DGKKHIL
DP00072,26655,26664,29912,29921,10,DGRWLKCNYT
DP00072,13847,13852,28191,28196,6,DILEAP
DP00072,14425,14431,21805,21811,7,DITKDSV
DP00072,14854,14860,20161,20167,7,DKWVRCN
DP00072,16844,16849,19631,19636,6,DLKVSD
DP00072,24488,24502,25570,25584,15,DLPDGRWMKASFTNV
DP00072,25570,25576,27735,27741,7,DLPDGRW
DP00072,17007,17012,21264,21269,6,DLVEGG
DP00072,17344,17350,30955,30961,7,DPIAPPG
DP00072,21199,21205,28089,28095,7,DPIDPPG
DP00072,22282,22288,28089,28095,7,DPIDPPG
DP00072,23473,23478,25637,25642,6,DPKYKD
DP00072,20118,20126,21202,21210,9,DPPGKPEVI
DP00072,14808,14813,28092,28097,6,DPPGPP
DP00072,24449,24454,28783,28788,6,DPPGTP
DP00072,22940,22952,24022,24034,13,DQLQEGCSYYFRV
DP00072,17837,17842,26413,26418,6,DRPGPP
DP00072,17837,17842,27495,27500,6,DRPGPP
DP00072,17837,17842,22480,22485,6,DRPGPP
DP00072,17837,17842,25727,25732,6,DRPGPP
DP00072,17837,17842,24644,24649,6,DRPGPP
DP00072,17837,17842,23562,23567,6,DRPGPP
DP00072,8299,8305,8675,8681,7,DSGDYTC
DP00072,5572,5577,7072,7077,6,DSGEYT
DP00072,27178,27185,30041,30048,8,DSGKYTLT
DP00072,23934,23941,27178,27185,8,DSGKYTLT
DP00072,23934,23941,30041,30048,8,DSGKYTLT
DP00072,5010,5016,6134,6140,7,DSGQYTF
DP00072,5199,5205,5668,5674,7,DSGTYTC
DP00072,21117,21123,27316,27322,7,DSVSLTW
DP00072,5948,5953,18504,18509,6,DTGEYQ
DP00072,22693,22698,25940,25945,6,DTSRSS
DP00072,16837,16842,21398,21403,6,DVPGPP
DP00072,16837,16842,18529,18534,6,DVPGPP
DP00072,14116,14121,21398,21403,6,DVPGPP
DP00072,14116,14121,18529,18534,6,DVPGPP
DP00072,14116,14121,16837,16842,6,DVPGPP
DP00072,14015,14020,16122,16127,6,DVPGPV
DP00072,16122,16127,17541,17546,6,DVPGPV
DP00072,14015,14020,17541,17546,6,DVPGPV
DP00072,20127,20133,30572,30578,7,DVTKSTV
DP00072,22986,22996,24068,24078,11,DVTRNSVSLSW
DP00072,17317,17324,28753,28760,8,DYQFRVYA
DP00072,10899,10912,10953,10966,14,EAPPAKVPEVPKKP
DP00072,11133,11146,11239,11252,14,EAPPAKVPEVPKKV
DP00072,11133,11139,11216,11222,7,EAPPAKV
DP00072,10899,10905,11216,11222,7,EAPPAKV
DP00072,11216,11222,11239,11245,7,EAPPAKV
DP00072,10293,10299,11216,11222,7,EAPPAKV
DP00072,11216,11222,11670,11676,7,EAPPAKV
DP00072,11009,11016,11446,11453,8,EAPPPKVP
DP00072,12787,12793,13232,13238,7,ECEVSRE
DP00072,7561,7568,7750,7757,8,ECSAVLTV
DP00072,2420,2425,13454,13459,6,EDAGNY
DP00072,24514,24524,25596,25606,11,EDQRYEFRVIA
DP00072,25596,25604,26678,26686,9,EDQRYEFRV
DP00072,7357,7362,8298,8303,6,EDSGDY
DP00072,11043,11066,11050,11073,24,EEEVLPEEEEVLPEEEEVLPEEEE
DP00072,11064,11070,11097,11103,7,EEEVLPE
DP00072,11057,11063,11097,11103,7,EEEVLPE
DP00072,11050,11056,11097,11103,7,EEEVLPE
DP00072,10345,10350,11078,11083,6,EEEVPP
DP00072,11735,11742,11741,11748,8,EEIAPEEE
DP00072,11176,11181,11302,11307,6,EEIPEE
DP00072,1052,1057,10391,10396,6,EEKRFV
DP00072,10748,10754,10807,10813,7,EEKVPVP
DP00072,10807,10813,10941,10947,7,EEKVPVP
DP00072,10807,10813,11228,11234,7,EEKVPVP
DP00072,10670,10675,10673,10678,6,EEYEEY
DP00072,11309,11315,11321,11327,7,EFHEVEE
DP00072,26683,26688,28459,28464,6,EFRVFA
DP00072,27766,27771,28459,28464,6,EFRVFA
DP00072,28459,28464,31429,31434,6,EFRVFA
DP00072,18701,18706,28459,28464,6,EFRVFA
DP00072,14472,14478,30328,30334,7,EFTVPDL
DP00072,22342,22348,25588,25594,7,EFTVSGL
DP00072,25108,25116,27270,27278,9,EGAIYYFRV
DP00072,17710,17715,29935,29940,6,EGDTYE
DP00072,21169,21177,31818,31826,9,EGLEYEFRV
DP00072,24712,24719,30825,30832,8,EGNEYVFR
DP00072,14184,14194,14976,14986,11,EGQEYSFRVRA
DP00072,24776,24781,29211,29216,6,EIIGYI
DP00072,2833,2838,9312,9317,6,EIKPSD
DP00072,3007,3012,23518,23523,6,EIKSTD
DP00072,7237,7244,8178,8185,8,EIRPGGNY
DP00072,20346,20352,29699,29705,7,EITNYIV
DP00072,23579,23585,30082,30088,7,EKCTLAW
DP00072,5230,5235,9622,9627,6,EKLEPS
DP00072,27242,27247,29413,29418,6,EKREAS
DP00072,24684,24693,29017,29026,10,EKRETSRLAW
DP00072,21437,21444,25767,25774,8,EKRETSRL
DP00072,24684,24691,25767,25774,8,EKRETSRL
DP00072,21437,21444,29017,29024,8,EKRETSRL
DP00072,21437,21444,24684,24691,8,EKRETSRL
DP00072,20621,20628,22788,22795,8,ELDADLRK
DP00072,20621,20628,26035,26042,8,ELDADLRK
DP00072,25119,25125,27281,27287,7,ENEFGVG
DP00072,26108,26114,29358,29364,7,ENNSGSK
DP00072,22861,22871,25025,25035,11,ENSSGSKSAFV
DP00072,20298,20306,25025,25033,9,ENSSGSKSA
DP00072,20298,20306,22861,22869,9,ENSSGSKSA
DP00072,19901,19906,23943,23948,6,ENSSGT
DP00072,10264,10269,11613,11618,6,EPAAPP
DP00072,6601,6608,8483,8490,8,EPANAGKY
DP00072,10831,10836,11595,11600,6,EPEEVA
DP00072,10614,10619,11391,11396,6,EPPAKV
DP00072,6348,6360,7289,7301,13,EPPKFVKKLEASK
DP00072,5411,5420,5973,5982,10,EPPSFIKKIE
DP00072,4756,4762,5411,5417,7,EPPSFIK
DP00072,4662,4668,6818,6824,7,EPPSFVK
DP00072,5693,5698,8886,8891,6,EPPYFV
DP00072,5693,5698,7004,7009,6,EPPYFV
DP00072,14994,14999,25913,25918,6,EPSEPS
DP00072,8895,8900,26215,26220,6,EPVKVS
DP00072,20056,20062,24387,24393,7,ERKERNS
DP00072,20056,20062,23305,23311,7,ERKERNS
DP00072,21536,21542,29116,29122,7,ERREKKS
DP00072,11586,11592,11724,11730,7,ESPPPEV
DP00072,11502,11508,11724,11730,7,ESPPPEV
DP00072,21881,21888,28379,28386,8,ETTEPVKA
DP00072,15018,15023,21208,21213,6,EVINIT
DP00072,6576,6583,7517,7524,8,EVIRESEN
DP00072,11482,11487,31196,31201,6,EVPKAA
DP00072,11285,11290,19118,19123,6,EVVVKE
DP00072,22728,22734,24892,24898,7,EWQIVTP
DP00072,17013,17020,29540,29547,8,EYEFRVKA
DP00072,23337,23346,24815,24824,10,EYEFRVSAEN
DP00072,17013,17018,24815,24820,6,EYEFRV
DP00072,24815,24820,31821,31826,6,EYEFRV
DP00072,24815,24820,29540,29545,6,EYEFRV
DP00072,17013,17018,23337,23342,6,EYEFRV
DP00072,23337,23342,31821,31826,6,EYEFRV
DP00072,23337,23342,29540,29545,6,EYEFRV
DP00072,21172,21177,24419,24424,6,EYEFRV
DP00072,19499,19504,24419,24424,6,EYEFRV
DP00072,24419,24424,31427,31432,6,EYEFRV
DP00072,20484,20489,24419,24424,6,EYEFRV
DP00072,19499,19504,21172,21177,6,EYEFRV
DP00072,21172,21177,31427,31432,6,EYEFRV
DP00072,20484,20489,21172,21177,6,EYEFRV
DP00072,19499,19504,31427,31432,6,EYEFRV
DP00072,19499,19504,20484,20489,6,EYEFRV
DP00072,17013,17018,24419,24424,6,EYEFRV
DP00072,24419,24424,24815,24820,6,EYEFRV
DP00072,24419,24424,31821,31826,6,EYEFRV
DP00072,24419,24424,29540,29545,6,EYEFRV
DP00072,23337,23342,24419,24424,6,EYEFRV
DP00072,17013,17018,21172,21177,6,EYEFRV
DP00072,21172,21177,24815,24820,6,EYEFRV
DP00072,21172,21177,29540,29545,6,EYEFRV
DP00072,21172,21177,23337,23342,6,EYEFRV
DP00072,17013,17018,19499,19504,6,EYEFRV
DP00072,19499,19504,24815,24820,6,EYEFRV
DP00072,19499,19504,31821,31826,6,EYEFRV
DP00072,19499,19504,29540,29545,6,EYEFRV
DP00072,19499,19504,23337,23342,6,EYEFRV
DP00072,17013,17018,31427,31432,6,EYEFRV
DP00072,17013,17018,20484,20489,6,EYEFRV
DP00072,24815,24820,31427,31432,6,EYEFRV
DP00072,20484,20489,24815,24820,6,EYEFRV
DP00072,31427,31432,31821,31826,6,EYEFRV
DP00072,20484,20489,31821,31826,6,EYEFRV
DP00072,23337,23342,31427,31432,6,EYEFRV
DP00072,20484,20489,23337,23342,6,EYEFRV
DP00072,15475,15480,21863,21868,6,EYFFRV
DP00072,21863,21868,27369,27374,6,EYFFRV
DP00072,15475,15480,27369,27374,6,EYFFRV
DP00072,19292,19301,19988,19997,10,EYIFRVRAEN
DP00072,19988,19995,27962,27969,8,EYIFRVRA
DP00072,19988,19995,30136,30143,8,EYIFRVRA
DP00072,16191,16196,29250,29255,6,EYKFRV
DP00072,15799,15804,24125,24130,6,EYLFRV
DP00072,14086,14091,24125,24130,6,EYLFRV
DP00072,14086,14091,15799,15804,6,EYLFRV
DP00072,23835,23844,26000,26009,10,EYNFRICAIN
DP00072,23237,23242,31326,31331,6,EYQFRI
DP00072,27566,27571,31326,31331,6,EYQFRI
DP00072,20384,20389,31326,31331,6,EYQFRI
DP00072,23237,23242,27566,27571,6,EYQFRI
DP00072,20384,20389,23237,23242,6,EYQFRI
DP00072,20384,20389,27566,27571,6,EYQFRI
DP00072,25401,25406,31326,31331,6,EYQFRI
DP00072,24319,24324,31326,31331,6,EYQFRI
DP00072,23237,23242,25401,25406,6,EYQFRI
DP00072,23237,23242,24319,24324,6,EYQFRI
DP00072,25401,25406,27566,27571,6,EYQFRI
DP00072,24319,24324,27566,27571,6,EYQFRI
DP00072,20384,20389,25401,25406,6,EYQFRI
DP00072,20384,20389,24319,24324,6,EYQFRI
DP00072,19392,19399,22155,22162,8,EYQFRVKA
DP00072,19392,19399,25207,25214,8,EYQFRVKA
DP00072,22155,22162,25207,25214,8,EYQFRVKA
DP00072,15576,15585,28653,28662,10,EYQFRVRAEN
DP00072,19392,19397,28653,28658,6,EYQFRV
DP00072,22155,22160,28653,28658,6,EYQFRV
DP00072,25207,25212,28653,28658,6,EYQFRV
DP00072,15576,15581,19392,19397,6,EYQFRV
DP00072,15576,15581,22155,22160,6,EYQFRV
DP00072,15576,15581,25207,25212,6,EYQFRV
DP00072,26483,26488,29048,29053,6,EYQFRV
DP00072,28653,28658,29048,29053,6,EYQFRV
DP00072,19392,19397,29048,29053,6,EYQFRV
DP00072,15576,15581,29048,29053,6,EYQFRV
DP00072,22155,22160,29048,29053,6,EYQFRV
DP00072,25207,25212,29048,29053,6,EYQFRV
DP00072,26483,26488,28653,28658,6,EYQFRV
DP00072,19392,19397,26483,26488,6,EYQFRV
DP00072,15576,15581,26483,26488,6,EYQFRV
DP00072,22155,22160,26483,26488,6,EYQFRV
DP00072,25207,25212,26483,26488,6,EYQFRV
DP00072,23043,23049,29737,29743,7,EYSFRVS
DP00072,20877,20886,21072,21081,10,EYTFRVSAEN
DP00072,1153,1158,20703,20708,6,EYTIVV
DP00072,17213,17220,24715,24722,8,EYVFRIMA
DP00072,26290,26297,30828,30835,8,EYVFRVAA
DP00072,3077,3082,12786,12791,6,FECEVS
DP00072,2901,2906,12786,12791,6,FECEVS
DP00072,9780,9785,12786,12791,6,FECEVS
DP00072,2901,2906,3077,3082,6,FECEVS
DP00072,3077,3082,9780,9785,6,FECEVS
DP00072,2901,2906,9780,9785,6,FECEVS
DP00072,5463,5469,6118,6124,7,FENNVAS
DP00072,20576,20581,23425,23430,6,FEVTGL
DP00072,4994,4999,7997,8002,6,FKNNVA
DP00072,21162,21170,29139,29147,9,FKVTGLTEG
DP00072,17615,17621,23240,23246,7,FRIAAEN
DP00072,23636,23652,24718,24734,17,FRIMAVNKYGVGEPLES
DP00072,22406,22412,24570,24576,7,FRLEADV
DP00072,15082,15089,25901,25908,8,FRVAAENA
DP00072,26293,26299,30342,30348,7,FRVAAVN
DP00072,15901,15907,26486,26492,7,FRVCAEN
DP00072,18999,19005,26486,26492,7,FRVCAEN
DP00072,15901,15907,18999,19005,7,FRVCAEN
DP00072,20785,20792,31430,31437,8,FRVFAENE
DP00072,22258,22264,32119,32125,7,FRVIAEN
DP00072,16194,16200,24520,24526,7,FRVIAKN
DP00072,16194,16200,22356,22362,7,FRVIAKN
DP00072,18407,18413,19395,19401,7,FRVKAEN
DP00072,16294,16301,16706,16713,8,FRVKAVNE
DP00072,22950,22957,28364,28371,8,FRVLAENE
DP00072,21866,21873,25114,25121,8,FRVMAENE
DP00072,18603,18612,19295,19304,10,FRVRAENKIG
DP00072,16910,16920,19991,20001,11,FRVRAENRFGI
DP00072,16910,16917,28656,28663,8,FRVRAENR
DP00072,19991,19998,28656,28663,8,FRVRAENR
DP00072,15802,15809,28656,28663,8,FRVRAENR
DP00072,16498,16508,27965,27975,11,FRVRAVNKYGI
DP00072,14982,14989,16498,16505,8,FRVRAVNK
DP00072,14982,14989,27965,27972,8,FRVRAVNK
DP00072,14982,14989,30139,30146,8,FRVRAVNK
DP00072,18011,18018,20880,20887,8,FRVSAENE
DP00072,23046,23052,31723,31729,7,FRVSAQN
DP00072,21471,21477,29051,29057,7,FRVSAVN
DP00072,21471,21477,28167,28173,7,FRVSAVN
DP00072,21471,21477,29447,29453,7,FRVSAVN
DP00072,28167,28173,29051,29057,7,FRVSAVN
DP00072,29051,29057,29447,29453,7,FRVSAVN
DP00072,19697,19703,30240,30246,7,FRVTAVN
DP00072,27669,27675,28756,28762,7,FRVYAEN
DP00072,24422,24428,28756,28762,7,FRVYAEN
DP00072,23449,23454,28078,28083,6,FSEPSE
DP00072,22343,22351,24507,24515,9,FTVSGLTED
DP00072,4666,4671,4853,4858,6,FVKKVD
DP00072,19617,19629,21786,21798,13,FVNVRVLDTPGPV
DP00072,21786,21793,26117,26124,8,FVNVRVLD
DP00072,19617,19624,26117,26124,8,FVNVRVLD
DP00072,21724,21735,22808,22819,12,FVPIKGRPAPEV
DP00072,21724,21731,23890,23897,8,FVPIKGRP
DP00072,7008,7013,7814,7819,6,FVTELE
DP00072,16897,16902,21660,21665,6,FVVPDL
DP00072,2620,2625,24529,24534,6,GAISKP
DP00072,23457,23464,25621,25628,8,GAITARDE
DP00072,4958,4963,5520,5525,6,GDPATL
DP00072,7961,7966,26014,26019,6,GEPATL
DP00072,24729,24734,27976,27981,6,GEPLES
DP00072,26893,26898,27976,27981,6,GEPLES
DP00072,24729,24734,25812,25817,6,GEPLES
DP00072,25812,25817,26893,26898,6,GEPLES
DP00072,22565,22570,27976,27981,6,GEPLES
DP00072,23647,23652,27976,27981,6,GEPLES
DP00072,22565,22570,25812,25817,6,GEPLES
DP00072,23647,23652,25812,25817,6,GEPLES
DP00072,7212,7223,9094,9105,12,GESADFECHVTG
DP00072,16303,16308,16715,16720,6,GESEPS
DP00072,14991,14996,16303,16308,6,GESEPS
DP00072,12515,12520,13137,13142,6,GETATF
DP00072,6512,6518,7453,7459,7,GEYHCKA
DP00072,4451,4457,7074,7080,7,GEYTCKA
DP00072,6888,6893,12113,12118,6,GEYTCV
DP00072,25360,25371,26442,26453,12,GGCQISNYIVEK
DP00072,18956,18962,21031,21037,7,GGSEITN
DP00072,18956,18962,20343,20349,7,GGSEITN
DP00072,17375,17382,30987,30994,8,GGSKVTGY
DP00072,15239,15246,20046,20053,8,GGSPIIGY
DP00072,15239,15246,20543,20550,8,GGSPIIGY
DP00072,14837,14845,16553,16561,9,GGSPITGYW
DP00072,18559,18564,24377,24382,6,GGSPVI
DP00072,28373,28380,30545,30552,8,GIGEPCET
DP00072,12498,12503,12853,12858,6,GIRLKF
DP00072,17920,17925,31732,31737,6,GISDPL
DP00072,8218,8225,8874,8881,8,GKDSCSAQ
DP00072,14481,14486,15797,15802,6,GKEYLF
DP00072,14643,14649,30000,30006,7,GKPEPKI
DP00072,21332,21337,27429,27434,6,GKPLPK
DP00072,6606,6615,7547,7556,10,GKYICQIKND
DP00072,20689,20694,22854,22859,6,GKYILT
DP00072,20689,20694,28267,28272,6,GKYILT
DP00072,22854,22859,28267,28272,6,GKYILT
DP00072,2310,2315,20978,20983,6,GKYTIT
DP00072,29351,29357,30043,30049,7,GKYTLTV
DP00072,25495,25500,26577,26582,6,GLDEGL
DP00072,14577,14582,15570,15575,6,GLEEGK
DP00072,22153,22159,29835,29841,7,GLEYQFR
DP00072,18711,18716,32128,32133,6,GLSKPS
DP00072,22645,22650,25892,25897,6,GLTEGH
DP00072,20082,20089,29831,29838,8,GLVEGLEY
DP00072,22549,22563,25796,25810,15,GNEYIFRVMAVNKYG
DP00072,19290,19299,27960,27969,10,GNEYIFRVRA
DP00072,19290,19297,22549,22556,8,GNEYIFRV
DP00072,19290,19297,25796,25803,8,GNEYIFRV
DP00072,25796,25803,27960,27967,8,GNEYIFRV
DP00072,21466,21473,26877,26884,8,GNEYIFRV
DP00072,19290,19297,26877,26884,8,GNEYIFRV
DP00072,25796,25803,26877,26884,8,GNEYIFRV
DP00072,19290,19297,21466,21473,8,GNEYIFRV
DP00072,21466,21473,27960,27967,8,GNEYIFRV
DP00072,21466,21473,22549,22556,8,GNEYIFRV
DP00072,21466,21473,25796,25803,8,GNEYIFRV
DP00072,17626,17631,18319,18324,6,GPFVET
DP00072,1075,1080,14495,14500,6,GPGEPA
DP00072,1075,1080,31041,31046,6,GPGEPA
DP00072,14495,14500,31041,31046,6,GPGEPA
DP00072,23569,23574,27502,27507,6,GPVVIS
DP00072,12354,12360,12708,12714,7,GQWKLKG
DP00072,8207,8213,9148,9154,7,GQYTCYA
DP00072,19559,19567,29600,29608,9,GRPAPKVTW
DP00072,22018,22023,24182,24187,6,GRPKPT
DP00072,22414,22419,28224,28229,6,GRPPPT
DP00072,23410,23419,24492,24501,10,GRWMKASFTN
DP00072,23410,23419,25574,25583,10,GRWMKASFTN
DP00072,8312,8317,9063,9068,6,GSASSS
DP00072,4876,4882,9009,9015,7,GSEPISV
DP00072,7317,7323,8258,8264,7,GSPEIKV
DP00072,15857,15863,22214,22220,7,GSPILGY
DP00072,14247,14253,15857,15863,7,GSPILGY
DP00072,15857,15863,18759,18765,7,GSPILGY
DP00072,6000,6005,8634,8639,6,GSPPIS
DP00072,5093,5098,31940,31945,6,GTASLE
DP00072,7597,7602,8538,8543,6,GTPELS
DP00072,6656,6661,7597,7602,6,GTPELS
DP00072,5907,5913,7410,7416,7,GTPPFEV
DP00072,5907,5913,6469,6475,7,GTPPFEV
DP00072,6282,6287,7786,7791,6,GTPPFK
DP00072,6282,6287,6845,6850,6,GTPPFK
DP00072,12207,12212,16400,16405,6,GTYTVT
DP00072,21682,21687,26012,26017,6,GVGEPA
DP00072,14199,14204,27678,27683,6,GVGKPS
DP00072,14199,14204,21184,21189,6,GVGKPS
DP00072,23575,23581,25740,25746,7,GVTAEKC
DP00072,19356,19361,28026,28031,6,GYFLEK
DP00072,21532,21537,22219,22224,6,GYHVER
DP00072,15540,15545,16255,16260,6,GYIIEK
DP00072,14252,14257,26943,26948,6,GYIIER
DP00072,14252,14257,29899,29904,6,GYIIER
DP00072,26943,26948,29899,29904,6,GYIIER
DP00072,24481,24488,24779,24786,8,GYIVEKRD
DP00072,21234,21241,24779,24786,8,GYIVEKRD
DP00072,16665,16671,23009,23015,7,GYIVEMQ
DP00072,14548,14553,30892,30897,6,GYIVER
DP00072,14548,14553,27728,27733,6,GYIVER
DP00072,14548,14553,26645,26650,6,GYIVER
DP00072,17381,17386,18073,18078,6,GYIVEY
DP00072,24880,24885,28127,28132,6,GYVVEI
DP00072,25173,25179,26256,26262,7,GYVVEMQ
DP00072,15862,15869,16559,16566,8,GYWLEKRE
DP00072,20142,20151,29793,29802,10,HDGGSKIIGY
DP00072,20142,20149,24083,24090,8,HDGGSKII
DP00072,24083,24090,29793,29800,8,HDGGSKII
DP00072,23001,23007,29498,29504,7,HDGGSRI
DP00072,27327,27333,29498,29504,7,HDGGSRI
DP00072,22650,22655,24814,24819,6,HEYEFR
DP00072,19391,19396,20383,20388,6,HEYQFR
DP00072,25763,25774,29013,29024,12,HYIIEKRETSRL
DP00072,24680,24687,29409,29416,8,HYVVEKRE
DP00072,12460,12465,13527,13532,6,IADGKK
DP00072,163,170,3403,3410,8,IAEAYPED
DP00072,25068,25073,26151,26156,6,IDGGAK
DP00072,20739,20749,28318,28328,11,IDGGSPIINYV
DP00072,17181,17186,27241,27246,6,IEKREA
DP00072,28621,28627,29016,29022,7,IEKRETS
DP00072,25766,25772,28621,28627,7,IEKRETS
DP00072,6987,6992,7928,7933,6,IENEAG
DP00072,5419,5424,22834,22839,6,IESTSS
DP00072,25464,25469,26546,26551,6,IGYHLE
DP00072,24382,24387,25464,25469,6,IGYHLE
DP00072,23300,23305,25464,25469,6,IGYHLE
DP00072,14048,14054,19455,19461,7,IIGYVVE
DP00072,22613,22621,23596,23604,9,IINYIVERR
DP00072,18328,18333,26901,26906,6,IKALDP
DP00072,16761,16767,23893,23899,7,IKGRPTP
DP00072,17067,17073,18169,18175,7,IKGVPFP
DP00072,14546,14552,16663,16669,7,IKGYIVE
DP00072,20669,20674,23519,23524,6,IKSTDF
DP00072,5726,5731,6288,6293,6,IKWFKD
DP00072,27889,27896,30755,30762,8,ILDKPGPP
DP00072,18071,18077,23007,23013,7,ILGYIVE
DP00072,18762,18768,24878,24884,7,ILGYVVE
DP00072,6250,6255,12405,12410,6,ILTVKE
DP00072,7070,7076,8952,8958,7,INDSGEY
DP00072,18564,18569,22614,22619,6,INYIVE
DP00072,18564,18569,23597,23602,6,INYIVE
DP00072,24973,24979,28220,28226,7,IPFKGRP
DP00072,20931,20937,31085,31091,7,IPIKGKP
DP00072,10329,10336,11830,11837,8,IPKKKVPE
DP00072,5600,5608,6162,6170,9,IPPSFTKKL
DP00072,4798,4804,5922,5928,7,IRSSKKY
DP00072,10205,10210,10470,10475,6,ISKRVE
DP00072,20201,20209,22367,22375,9,ISPPSEPSD
DP00072,25351,25356,30778,30783,6,ISWEPP
DP00072,3270,3275,7978,7983,6,ISWYKE
DP00072,24479,24486,25561,25568,8,ITGYIVEK
DP00072,23397,23404,24479,24486,8,ITGYIVEK
DP00072,20446,20452,29504,29510,7,ITGYLLE
DP00072,21631,21637,26254,26260,7,ITGYVVE
DP00072,27925,27931,30099,30105,7,ITHYIVE
DP00072,22593,22600,25840,25847,8,ITKDSMVV
DP00072,14426,14431,23972,23977,6,ITKDSV
DP00072,21806,21811,23972,23977,6,ITKDSV
DP00072,17969,17977,21035,21043,9,ITNYILEKR
DP00072,19951,19959,32080,32088,9,ITNYIVEKC
DP00072,26157,26166,29700,29709,10,ITNYIVEKRE
DP00072,21826,21835,29700,29709,10,ITNYIVEKRE
DP00072,21826,21835,26157,26166,10,ITNYIVEKRE
DP00072,15042,15050,29700,29708,9,ITNYIVEKR
DP00072,15042,15050,26157,26165,9,ITNYIVEKR
DP00072,15042,15050,21826,21834,9,ITNYIVEKR
DP00072,17176,17185,17575,17584,10,ITNYVIEKRE
DP00072,14149,14155,17176,17182,7,ITNYVIE
DP00072,14149,14155,17575,17581,7,ITNYVIE
DP00072,14742,14750,18268,18276,9,ITNYVVERR
DP00072,4752,4757,9264,9269,6,IVIKEP
DP00072,23480,23486,25644,25650,7,IVVHAGE
DP00072,19097,19102,27666,27671,6,IYEFRV
DP00072,19141,19146,21318,21323,6,KAGDTI
DP00072,4418,4423,9308,9313,6,KAGREI
DP00072,485,490,665,670,6,KAKEQE
DP00072,485,490,531,536,6,KAKEQE
DP00072,17807,17812,19192,19197,6,KAKRSD
DP00072,24496,24502,27743,27749,7,KASFTNV
DP00072,25578,25584,27743,27749,7,KASFTNV
DP00072,22630,22640,25877,25887,11,KCNKKTLTDLR
DP00072,15036,15042,16657,16663,7,KDGGSPI
DP00072,14244,14250,16657,16663,7,KDGGSPI
DP00072,14244,14250,15036,15042,7,KDGGSPI
DP00072,3181,3186,26752,26757,6,KDGIEI
DP00072,8548,8553,25670,25675,6,KDGKEL
DP00072,8548,8553,22424,22429,6,KDGKEL
DP00072,24192,24198,28526,28532,7,KDGLPLK
DP00072,26139,26144,31371,31376,6,KDSVTL
DP00072,21808,21813,26139,26144,6,KDSVTL
DP00072,21808,21813,31371,31376,6,KDSVTL
DP00072,13790,13797,19791,19798,8,KEGKKYKF
DP00072,2570,2575,12982,12987,6,KEIKPS
DP00072,24348,24357,25430,25439,10,KEPGPPGTPF
DP00072,6534,6540,7475,7481,7,KEPPRFV
DP00072,4755,4762,5972,5979,8,KEPPSFIK
DP00072,4848,4853,5879,5884,6,KEPPTF
DP00072,24389,24396,28723,28730,8,KERNSILW
DP00072,23307,23314,28723,28730,8,KERNSILW
DP00072,20058,20065,21142,21149,8,KERNSLLW
DP00072,15913,15918,18627,18632,6,KFSPPS
DP00072,7262,7270,9144,9152,9,KGDSGQYTC
DP00072,22548,22556,27959,27967,9,KGNEYIFRV
DP00072,26876,26884,27959,27967,9,KGNEYIFRV
DP00072,18860,18865,26059,26064,6,KGRPEP
DP00072,20645,20650,28223,28228,6,KGRPPP
DP00072,23894,23900,24976,24982,7,KGRPTPE
DP00072,6281,6286,8726,8731,6,KGTPPF
DP00072,26642,26651,27725,27734,10,KITGYIVERR
DP00072,25560,25567,26642,26649,8,KITGYIVE
DP00072,23396,23403,26642,26649,8,KITGYIVE
DP00072,26156,26164,32079,32087,9,KITNYIVEK
DP00072,10099,10104,10375,10380,6,KKAPPP
DP00072,10743,10748,11201,11206,6,KKAVPE
DP00072,10897,10911,11237,11251,15,KKEAPPAKVPEVPKK
DP00072,10582,10587,10897,10902,6,KKEAPP
DP00072,10291,10296,10582,10587,6,KKEAPP
DP00072,10582,10587,11237,11242,6,KKEAPP
DP00072,10290,10302,10896,10908,13,KKKEAPPAKVPEV
DP00072,8236,8241,13160,13165,6,KKLEPS
DP00072,11443,11451,11783,11791,9,KKPEAPPPK
DP00072,11250,11255,11833,11838,6,KKVPEK
DP00072,9623,9629,13161,13167,7,KLEPSDK
DP00072,20538,20545,25552,25559,8,KPAYDGGS
DP00072,22998,23007,27324,27333,10,KPEHDGGSRI
DP00072,25162,25170,27324,27332,9,KPEHDGGSR
DP00072,26245,26251,30189,30195,7,KPESDGG
DP00072,22682,22687,27892,27897,6,KPGPPG
DP00072,24846,24851,30758,30763,6,KPGPPT
DP00072,23167,23172,24846,24851,6,KPGPPT
DP00072,21622,21628,26634,26640,7,KPHYDGG
DP00072,22705,22714,24869,24878,10,KPIYDGGSEI
DP00072,24869,24875,25952,25958,7,KPIYDGG
DP00072,23787,23793,24869,24875,7,KPIYDGG
DP00072,22705,22711,25952,25958,7,KPIYDGG
DP00072,22705,22711,23787,23793,7,KPIYDGG
DP00072,10733,10738,11362,11367,6,KPKAPP
DP00072,11995,12000,28586,28591,6,KPKGPI
DP00072,18729,18734,25827,25832,6,KPPGPP
DP00072,10249,10263,10883,10897,15,KPVPEEKKPVPVPKK
DP00072,10360,10366,10883,10889,7,KPVPEEK
DP00072,10883,10889,10937,10943,7,KPVPEEK
DP00072,10277,10283,10883,10889,7,KPVPEEK
DP00072,24470,24477,28116,28123,8,KPVYDGGS
DP00072,24289,24295,25371,25377,7,KRDTTTT
DP00072,22917,22925,25081,25089,9,KRESTRKAY
DP00072,22521,22530,24685,24694,10,KRETSRLAWT
DP00072,22521,22529,29018,29026,9,KRETSRLAW
DP00072,12755,12760,13649,13654,6,KSAANL
DP00072,23949,23955,25031,25037,7,KSAFVTV
DP00072,7791,7796,13330,13335,6,KVKWFK
DP00072,7791,7796,13241,13246,6,KVKWFK
DP00072,20311,20320,26805,26814,10,KVLDKPGPPA
DP00072,11451,11485,11535,11569,35,KVPEAPKEVVPEKKVPVPPPKKPEVPPTKVPEVPK
DP00072,10506,10512,11451,11457,7,KVPEAPK
DP00072,10506,10512,11535,11541,7,KVPEAPK
DP00072,10095,10100,11251,11256,6,KVPEKK
DP00072,11647,11661,11675,11689,15,KVPEVPKEVVPEKKV
DP00072,10270,10283,10930,10943,14,KVPEVPKKPVPEEK
DP00072,10242,10255,10930,10943,14,KVPEVPKKPVPEEK
DP00072,10270,10278,10904,10912,9,KVPEVPKKP
DP00072,10242,10250,10904,10912,9,KVPEVPKKP
DP00072,10971,10977,11107,11113,7,KVPVPAP
DP00072,25937,25942,29188,29193,6,KVTDTS
DP00072,21163,21169,28053,28059,7,KVTGLTE
DP00072,28053,28059,29140,29146,7,KVTGLTE
DP00072,23624,23634,24706,24716,11,KVTKLLEGNEY
DP00072,22542,22556,26870,26884,15,KVTKLLKGNEYIFRV
DP00072,24706,24711,26870,26875,6,KVTKLL
DP00072,22542,22547,23624,23629,6,KVTKLL
DP00072,25789,25794,26870,26875,6,KVTKLL
DP00072,23624,23629,25789,25794,6,KVTKLL
DP00072,22542,22547,25789,25794,6,KVTKLL
DP00072,24706,24711,25789,25794,6,KVTKLL
DP00072,14238,14243,15748,15753,6,KWEPPL
DP00072,8545,8552,12976,12983,8,KWFKDGKE
DP00072,2206,2211,4976,4981,6,KWYKDG
DP00072,14879,14884,16703,16708,6,KYRFRV
DP00072,21618,21623,24865,24870,6,LAWGKP
DP00072,23165,23174,30756,30765,10,LDKPGPPTGP
DP00072,14708,14714,30756,30762,7,LDKPGPP
DP00072,26807,26813,30756,30762,7,LDKPGPP
DP00072,20313,20319,30756,30762,7,LDKPGPP
DP00072,18234,18240,27890,27896,7,LDKPGPP
DP00072,23165,23171,27890,27896,7,LDKPGPP
DP00072,14708,14714,27890,27896,7,LDKPGPP
DP00072,26807,26813,27890,27896,7,LDKPGPP
DP00072,20313,20319,27890,27896,7,LDKPGPP
DP00072,18234,18240,30756,30762,7,LDKPGPP
DP00072,6650,6656,6746,6752,7,LECKVAG
DP00072,7591,7597,18392,18398,7,LECVVTG
DP00072,13218,13223,13756,13761,6,LEDQTV
DP00072,12507,12512,13756,13761,6,LEDQTV
DP00072,10659,10664,13386,13391,6,LEEEAV
DP00072,18201,18206,34118,34123,6,LEIRNA
DP00072,23700,23707,25865,25872,8,LEKRDKEG
DP00072,17974,17979,20451,20456,6,LEKRET
DP00072,20451,20456,21436,21441,6,LEKRET
DP00072,23942,23947,25024,25029,6,LENSSG
DP00072,19528,19534,27398,27404,7,LEPPEID
DP00072,7003,7009,8885,8891,7,LEPPYFV
DP00072,5220,5229,7848,7857,10,LFVKEPATFV
DP00072,6907,6913,7848,7854,7,LFVKEPA
DP00072,5220,5226,6907,6913,7,LFVKEPA
DP00072,5782,5788,13205,13211,7,LFVKEPP
DP00072,25226,25232,26309,26315,7,LGVPVIA
DP00072,18763,18768,25172,25177,6,LGYVVE
DP00072,24879,24884,25172,25177,6,LGYVVE
DP00072,18796,18802,19287,19293,7,LIEGNEY
DP00072,7258,7264,8199,8205,7,LKVGKGD
DP00072,5876,5882,8320,8326,7,LKVKEPP
DP00072,22541,22547,24705,24711,7,LKVTKLL
DP00072,15129,15135,27516,27522,7,LKWEPPK
DP00072,26653,26658,27736,27741,6,LPDGRW
DP00072,24489,24494,26653,26658,6,LPDGRW
DP00072,25571,25576,26653,26658,6,LPDGRW
DP00072,22942,22954,26189,26201,13,LQEGCSYYFRVLA
DP00072,22805,22815,23887,23897,11,LRLFVPIKGRP
DP00072,23721,23728,24803,24810,8,LRLRVTGL
DP00072,23721,23728,25886,25893,8,LRLRVTGL
DP00072,5500,5505,7285,7290,6,LSVKEP
DP00072,27223,27229,28603,28609,7,LSWDVPE
DP00072,20334,20340,26144,26150,7,LSWEPPL
DP00072,17163,17168,22501,22506,6,LSWFPP
DP00072,24076,24081,28408,28413,6,LSWTKP
DP00072,24512,24522,26676,26686,11,LTEDQRYEFRV
DP00072,29144,29150,30823,30829,7,LTEGNEY
DP00072,20693,20698,23940,23945,6,LTLENS
DP00072,14627,14633,20232,20238,7,LTVKAGT
DP00072,5689,5695,6251,6257,7,LTVKEPP
DP00072,8196,8201,9137,9142,6,LTVLKV
DP00072,16443,16448,28702,28707,6,LTWDAP
DP00072,14533,14538,22897,22902,6,LTWDPP
DP00072,14136,14142,15425,15431,7,LTWEPPE
DP00072,14729,14734,17662,17667,6,LTWNPP
DP00072,17407,17415,19785,19793,9,LVVTGLKEG
DP00072,22657,22663,29155,29161,7,MAENAAG
DP00072,22557,22573,23639,23655,17,MAVNKYGVGEPLESEPV
DP00072,24721,24727,25804,25810,7,MAVNKYG
DP00072,23639,23645,25804,25810,7,MAVNKYG
DP00072,17326,17334,29158,29166,9,NAAGVGPAS
DP00072,17022,17028,29846,29852,7,NAAGVSK
DP00072,7837,7842,9253,9258,6,NDAGSA
DP00072,14540,14545,26539,26544,6,NDGGSR
DP00072,4741,4748,6333,6340,8,NDVGSDSC
DP00072,6520,6527,7461,7468,8,NEVGSDTC
DP00072,5020,5025,5396,5401,6,NEVGSS
DP00072,22956,22966,26203,26213,11,NEYGIGLPAET
DP00072,24038,24046,26203,26211,9,NEYGIGLPA
DP00072,27961,27974,30135,30148,14,NEYIFRVRAVNKYG
DP00072,19291,19299,30135,30143,9,NEYIFRVRA
DP00072,18995,19001,19693,19699,7,NEYYFRV
DP00072,15955,15960,28611,28616,6,NGGGEI
DP00072,15238,15243,16552,16557,6,NGGSPI
DP00072,16248,16253,16552,16557,6,NGGSPI
DP00072,15238,15243,16248,16253,6,NGGSPI
DP00072,17426,17431,26592,26597,6,NIAGIG
DP00072,7532,7537,8473,8478,6,NIATLQ
DP00072,17222,17230,27971,27979,9,NKYGIGEPL
DP00072,17222,17230,25807,25815,9,NKYGIGEPL
DP00072,21081,21087,24724,24730,7,NKYGVGE
DP00072,21081,21087,22560,22566,7,NKYGVGE
DP00072,21081,21087,23642,23648,7,NKYGVGE
DP00072,21081,21087,26888,26894,7,NKYGVGE
DP00072,7147,7153,8088,8094,7,NLQTSFV
DP00072,5465,5470,7999,8004,6,NNVASL
DP00072,7058,7066,8940,8948,9,NNVATLVFN
DP00072,23201,23208,30497,30504,8,NNYIVEKR
DP00072,16916,16921,30837,30842,6,NRFGIG
DP00072,14130,14135,29746,29751,6,NRFGVS
DP00072,23310,23322,25474,25486,13,NSILWVKLNKTPI
DP00072,22990,22996,27709,27715,7,NSVSLSW
DP00072,24072,24078,27709,27715,7,NSVSLSW
DP00072,6803,6808,9349,9354,6,NVAGSD
DP00072,7744,7749,9349,9354,6,NVAGSD
DP00072,6591,6596,8096,8101,6,NVATLQ
DP00072,22475,22488,24639,24652,14,NVKVLDRPGPPEGP
DP00072,22475,22488,23557,23570,14,NVKVLDRPGPPEGP
DP00072,6836,6841,8718,8723,6,NVTFTS
DP00072,13688,13693,25545,25550,6,NVTLKW
DP00072,19257,19262,21037,21042,6,NYILEK
DP00072,17971,17976,19257,19262,6,NYILEK
DP00072,23202,23210,25366,25374,9,NYIVEKRDT
DP00072,21828,21841,23994,24007,14,NYIVEKREATRKSY
DP00072,23994,24002,30498,30506,9,NYIVEKREA
DP00072,21828,21836,30498,30506,9,NYIVEKREA
DP00072,22912,22920,29702,29710,9,NYIVEKRES
DP00072,17178,17184,28326,28332,7,NYVIEKR
DP00072,17577,17583,28326,28332,7,NYVIEKR
DP00072,10265,10270,11522,11527,6,PAAPPK
DP00072,10093,10098,10504,10509,6,PAKVPE
DP00072,10093,10098,11673,11678,6,PAKVPE
DP00072,10093,10098,11393,11398,6,PAKVPE
DP00072,10093,10098,10984,10989,6,PAKVPE
DP00072,10093,10098,10902,10907,6,PAKVPE
DP00072,10093,10098,11699,11704,6,PAKVPE
DP00072,10093,10098,10928,10933,6,PAKVPE
DP00072,10093,10098,10956,10961,6,PAKVPE
DP00072,10093,10098,11136,11141,6,PAKVPE
DP00072,10093,10098,11242,11247,6,PAKVPE
DP00072,10093,10098,10296,10301,6,PAKVPE
DP00072,10560,10565,10616,10621,6,PAKVTE
DP00072,23687,23693,32072,32078,7,PASDGGS
DP00072,25553,25560,29889,29896,8,PAYDGGSK
DP00072,14438,14445,14833,14840,8,PDDDGGSP
DP00072,22605,22614,24769,24778,10,PDSDGGSEII
DP00072,20042,20048,22605,22611,7,PDSDGGS
DP00072,16147,16153,30882,30888,7,PEDDGGS
DP00072,16147,16153,17567,17573,7,PEDDGGS
DP00072,17567,17573,30882,30888,7,PEDDGGS
DP00072,11089,11094,11305,11310,6,PEEEEF
DP00072,11062,11067,11076,11081,6,PEEEEV
DP00072,11055,11060,11076,11081,6,PEEEEV
DP00072,11048,11053,11076,11081,6,PEEEEV
DP00072,9899,9904,10996,11001,6,PEEKKP
DP00072,10252,10257,10996,11001,6,PEEKKP
DP00072,10886,10891,10996,11001,6,PEEKKP
DP00072,9899,9904,10252,10257,6,PEEKKP
DP00072,9899,9904,10886,10891,6,PEEKKP
DP00072,10940,10948,11227,11235,9,PEEKVPVPV
DP00072,19531,19536,28196,28201,6,PEIDLD
DP00072,10968,10974,11775,11781,7,PEKKVPV
DP00072,11433,11439,11775,11781,7,PEKKVPV
DP00072,11461,11467,11775,11781,7,PEKKVPV
DP00072,11545,11551,11775,11781,7,PEKKVPV
DP00072,19649,19654,27228,27233,6,PENDGG
DP00072,22110,22115,27228,27233,6,PENDGG
DP00072,26246,26252,29102,29108,7,PESDGGS
DP00072,26246,26252,26933,26939,7,PESDGGS
DP00072,339,344,11759,11764,6,PEVPPP
DP00072,14141,14146,17267,17272,6,PEYDGG
DP00072,17267,17272,26438,26443,6,PEYDGG
DP00072,17267,17272,19346,19351,6,PEYDGG
DP00072,26344,26349,28221,28226,6,PFKGRP
DP00072,24974,24979,26344,26349,6,PFKGRP
DP00072,17352,17357,18173,18178,6,PFPKVT
DP00072,16526,16532,28684,28690,7,PGPPGKP
DP00072,26415,26421,29376,29382,7,PGPPGPI
DP00072,22186,22192,26514,26520,7,PGPPGTP
DP00072,23268,23274,26514,26520,7,PGPPGTP
DP00072,24350,24356,26514,26520,7,PGPPGTP
DP00072,25432,25438,26514,26520,7,PGPPGTP
DP00072,22186,22192,24350,24356,7,PGPPGTP
DP00072,22186,22192,25432,25438,7,PGPPGTP
DP00072,23268,23274,24350,24356,7,PGPPGTP
DP00072,23268,23274,25432,25438,7,PGPPGTP
DP00072,15729,15734,18731,18736,6,PGPPIN
DP00072,16839,16845,18337,18343,7,PGPPKDL
DP00072,25829,25835,27597,27603,7,PGPPSTP
DP00072,22086,22094,30759,30767,9,PGPPTGPIK
DP00072,23168,23175,27497,27504,8,PGPPTGPV
DP00072,19424,19429,24847,24852,6,PGPPTN
DP00072,24847,24852,27205,27210,6,PGPPTN
DP00072,19424,19429,27205,27210,6,PGPPTN
DP00072,17839,17846,25332,25339,8,PGPPVGPV
DP00072,14017,14023,19224,19230,7,PGPVRNL
DP00072,5255,5260,8167,8172,6,PIKITW
DP00072,8637,8642,9012,9017,6,PISVSW
DP00072,7882,7887,9012,9017,6,PISVSW
DP00072,6941,6948,8823,8830,8,PISVTWKK
DP00072,7506,7511,8447,8452,6,PISVVW
DP00072,15041,15046,17968,17973,6,PITNYI
DP00072,21027,21033,31280,31286,7,PKDDGGS
DP00072,17168,17174,31280,31286,7,PKDDGGS
DP00072,18555,18561,31280,31286,7,PKDDGGS
DP00072,11428,11441,11456,11469,14,PKEVVPEKKVPVPP
DP00072,11428,11441,11540,11553,14,PKEVVPEKKVPVPP
DP00072,20140,20148,21915,21923,9,PKHDGGSKI
DP00072,11470,11477,11692,11699,8,PKKPEVPP
DP00072,11554,11561,11692,11699,8,PKKPEVPP
DP00072,10358,10367,10935,10944,10,PKKPVPEEKV
DP00072,10275,10283,10358,10366,9,PKKPVPEEK
DP00072,10247,10255,10358,10366,9,PKKPVPEEK
DP00072,10539,10549,10963,10973,11,PKKPVPEKKVP
DP00072,10539,10547,11624,11632,9,PKKPVPEKK
DP00072,10963,10971,11624,11632,9,PKKPVPEKK
DP00072,10949,10965,10977,10993,17,PKKVEAPPAKVPEVPKK
DP00072,10977,10984,11005,11012,8,PKKVEAPP
DP00072,10241,10255,10269,10283,15,PKVPEVPKKPVPEEK
DP00072,18175,18180,29604,29609,6,PKVTWK
DP00072,17667,17672,21224,21229,6,PKYDGG
DP00072,21224,21229,27521,27526,6,PKYDGG
DP00072,21224,21229,23192,23197,6,PKYDGG
DP00072,15752,15758,18260,18266,7,PLDDGGS
DP00072,17863,17869,18260,18266,7,PLDDGGS
DP00072,16448,16457,18952,18961,10,PLDNGGSEIT
DP00072,16448,16454,16549,16555,7,PLDNGGS
DP00072,16549,16555,18952,18958,7,PLDNGGS
DP00072,19943,19949,20339,20345,7,PLEDGGS
DP00072,19943,19949,21423,21429,7,PLEDGGS
DP00072,12506,12512,13217,13223,7,PLEDQTV
DP00072,24731,24736,29753,29758,6,PLESAP
DP00072,21818,21824,28316,28322,7,PLIDGGS
DP00072,12418,12424,13128,13134,7,PLKDVTV
DP00072,23114,23122,25278,25286,9,PLKQTTRVN
DP00072,23984,23989,29399,29404,6,PLLDGG
DP00072,22902,22907,29399,29404,6,PLLDGG
DP00072,18754,18765,22209,22220,12,PLSDGGSPILGY
DP00072,15530,15536,30585,30591,7,PLYDGGS
DP00072,20437,20443,31178,31184,7,PPADDGG
DP00072,20437,20443,27916,27922,7,PPADDGG
DP00072,31178,31184,31673,31679,7,PPADDGG
DP00072,27916,27922,31673,31679,7,PPADDGG
DP00072,10927,10941,10955,10969,15,PPAKVPEVPKKPVPE
DP00072,10295,10302,11392,11399,8,PPAKVPEV
DP00072,10295,10302,10927,10934,8,PPAKVPEV
DP00072,10295,10302,11698,11705,8,PPAKVPEV
DP00072,19246,19252,30881,30887,7,PPEDDGG
DP00072,22784,22797,26031,26044,14,PPEIELDADLRKVV
DP00072,19648,19654,22109,22115,7,PPENDGG
DP00072,14140,14146,26437,26443,7,PPEYDGG
DP00072,14140,14146,19345,19351,7,PPEYDGG
DP00072,27995,28000,30169,30174,6,PPGIPE
DP00072,22978,22983,24060,24065,6,PPGKIT
DP00072,22286,22291,28686,28691,6,PPGKPV
DP00072,18633,18638,22286,22291,6,PPGKPV
DP00072,18633,18638,28686,28691,6,PPGKPV
DP00072,20515,20520,28093,28098,6,PPGPPA
DP00072,15929,15934,18730,18735,6,PPGPPI
DP00072,16631,16636,25828,25833,6,PPGPPS
DP00072,16631,16636,21599,21604,6,PPGPPS
DP00072,16631,16636,25929,25934,6,PPGPPS
DP00072,21599,21604,25828,25833,6,PPGPPS
DP00072,25828,25833,25929,25934,6,PPGPPS
DP00072,14809,14814,19423,19428,6,PPGPPT
DP00072,14809,14814,29180,29185,6,PPGPPT
DP00072,19423,19428,29180,29185,6,PPGPPT
DP00072,7881,7887,8636,8642,7,PPISVSW
DP00072,17167,17174,21026,21033,8,PPKDDGGS
DP00072,18554,18561,21026,21033,8,PPKDDGGS
DP00072,17167,17174,18554,18561,8,PPKDDGGS
DP00072,11469,11475,11525,11531,7,PPKKPEV
DP00072,11525,11531,11553,11559,7,PPKKPEV
DP00072,14537,14544,16961,16968,8,PPKNDGGS
DP00072,10104,10109,10549,10554,6,PPKVIK
DP00072,10268,10273,11449,11454,6,PPKVPE
DP00072,10212,10217,10268,10273,6,PPKVPE
DP00072,10268,10273,10532,10537,6,PPKVPE
DP00072,10268,10273,10763,10768,6,PPKVPE
DP00072,23191,23198,27520,27527,8,PPKYDGGS
DP00072,17666,17673,27520,27527,8,PPKYDGGS
DP00072,17666,17673,23191,23198,8,PPKYDGGS
DP00072,15751,15758,17862,17869,8,PPLDDGGS
DP00072,20338,20345,21422,21429,8,PPLEDGGS
DP00072,26148,26154,28315,28321,7,PPLIDGG
DP00072,14241,14248,17370,17377,8,PPLKDGGS
DP00072,22901,22919,23983,24001,19,PPLLDGGSKIKNYIVEKRE
DP00072,23587,23596,24669,24678,10,PPLQDGGSDI
DP00072,23587,23593,25752,25758,7,PPLQDGG
DP00072,24669,24675,25752,25758,7,PPLQDGG
DP00072,19748,19754,28804,28810,7,PPLRDGG
DP00072,10502,10509,10926,10933,8,PPPAKVPE
DP00072,10322,10328,11762,11768,7,PPPAVPE
DP00072,10531,10541,10762,10772,11,PPPKVPEEPKK
DP00072,10211,10217,11448,11454,7,PPPKVPE
DP00072,10762,10768,11448,11454,7,PPPKVPE
DP00072,10531,10537,11448,11454,7,PPPKVPE
DP00072,10211,10217,10762,10768,7,PPPKVPE
DP00072,10211,10217,10531,10537,7,PPPKVPE
DP00072,10349,10355,10761,10767,7,PPPPKVP
DP00072,17479,17485,28226,28232,7,PPPTVTW
DP00072,7477,7486,8418,8427,10,PPRFVKKLSD
DP00072,16615,16622,20203,20210,8,PPSEPSDP
DP00072,27013,27018,28583,28588,6,PPSKPK
DP00072,18630,18636,25139,25145,7,PPSPPGK
DP00072,26834,26840,30091,30097,7,PQEDGGA
DP00072,23468,23475,24550,24557,8,PRISMDPK
DP00072,33591,33597,33598,33604,7,PRVKSPE
DP00072,15935,15940,30966,30971,6,PRVTDT
DP00072,14995,15002,20204,20211,8,PSEPSDPV
DP00072,18024,18030,27011,27017,7,PSPPSKP
DP00072,14219,14225,23961,23967,7,PSPPVNL
DP00072,21006,21015,22089,22098,10,PTGPIKFDEV
DP00072,21006,21011,30762,30767,6,PTGPIK
DP00072,11419,11424,11931,11936,6,PTKVPE
DP00072,11477,11482,11931,11936,6,PTKVPE
DP00072,11561,11566,11931,11936,6,PTKVPE
DP00072,11001,11012,11208,11219,12,PTPVPKKVEAPP
DP00072,20116,20121,28781,28786,6,PVDPPG
DP00072,10874,10881,11645,11652,8,PVKVPEVP
DP00072,12618,12625,12974,12981,8,PVKWFKDG
DP00072,16126,16131,19128,19133,6,PVLDLK
DP00072,25455,25460,26537,26542,6,PVNDGG
DP00072,10229,10235,10752,10758,7,PVPIPKK
DP00072,10259,10264,10523,10528,6,PVPKKE
DP00072,10947,10959,11210,11222,13,PVPKKVEAPPAKV
DP00072,10340,10345,10811,10816,6,PVPRKE
DP00072,10285,10291,10370,10376,7,PVPVAKK
DP00072,10257,10263,10945,10951,7,PVPVPKK
DP00072,10891,10897,10945,10951,7,PVPVPKK
DP00072,28117,28123,28707,28713,7,PVYDGGS
DP00072,24471,24477,28707,28713,7,PVYDGGS
DP00072,22752,22757,24916,24921,6,QEYKIR
DP00072,4355,4361,33713,33719,7,QGEYVCE
DP00072,18079,18084,21639,21644,6,QKVGDE
DP00072,24369,24375,25451,25457,7,QWHEPVN
DP00072,16495,16500,18008,18013,6,QYEFRV
DP00072,18008,18013,27764,27769,6,QYEFRV
DP00072,16495,16500,27764,27769,6,QYEFRV
DP00072,24487,24494,27734,27741,8,RDLPDGRW
DP00072,18503,18508,30731,30736,6,RDTGEY
DP00072,21538,21545,30206,30213,8,REKKSLRW
DP00072,4661,4666,5410,5415,6,REPPSF
DP00072,5410,5415,8699,8704,6,REPPSF
DP00072,21439,21444,30107,30112,6,RETSRL
DP00072,21439,21444,23604,23609,6,RETSRL
DP00072,25769,25774,30107,30112,6,RETSRL
DP00072,23604,23609,25769,25774,6,RETSRL
DP00072,29019,29024,30107,30112,6,RETSRL
DP00072,22522,22527,30107,30112,6,RETSRL
DP00072,24686,24691,30107,30112,6,RETSRL
DP00072,23604,23609,29019,29024,6,RETSRL
DP00072,22522,22527,23604,23609,6,RETSRL
DP00072,23604,23609,24686,24691,6,RETSRL
DP00072,28682,28687,30857,30862,6,RIPGPP
DP00072,468,475,648,655,8,RKEAEKTA
DP00072,7672,7677,8047,8052,6,RKLKDV
DP00072,9550,9555,32883,32888,6,RLEIEE
DP00072,1416,1434,1421,1439,19,RMSPARMSPARMSPARMSP
DP00072,1416,1424,1431,1439,9,RMSPARMSP
DP00072,25014,25020,29347,29353,7,RNDAGKY
DP00072,27638,27645,28725,28732,8,RNSILWQK
DP00072,20041,20048,24768,24775,8,RPDSDGGS
DP00072,26932,26941,29101,29110,10,RPESDGGSEI
DP00072,17143,17150,17838,17845,8,RPGPPVGP
DP00072,21521,21527,25851,25857,7,RPVDDGG
DP00072,17810,17816,30039,30045,7,RSDSGKY
DP00072,4799,4804,6485,6490,6,RSSKKY
DP00072,5923,5928,6485,6490,6,RSSKKY
DP00072,20529,20534,25943,25948,6,RSSVSL
DP00072,33592,33598,33611,33617,7,RVKSPEP
DP00072,10590,10595,11410,11415,6,RVPEEP
DP00072,15286,15291,17421,17426,6,RVRAVN
DP00072,14983,14988,15286,15291,6,RVRAVN
DP00072,15286,15291,27966,27971,6,RVRAVN
DP00072,15286,15291,16499,16504,6,RVRAVN
DP00072,15286,15291,30140,30145,6,RVRAVN
DP00072,14292,14298,21076,21082,7,RVSAENK
DP00072,16002,16007,28168,28173,6,RVSAVN
DP00072,16002,16007,29448,29453,6,RVSAVN
DP00072,16002,16007,21472,21477,6,RVSAVN
DP00072,16002,16007,29052,29057,6,RVSAVN
DP00072,17717,17722,28168,28173,6,RVSAVN
DP00072,17717,17722,29448,29453,6,RVSAVN
DP00072,17717,17722,21472,21477,6,RVSAVN
DP00072,17717,17722,29052,29057,6,RVSAVN
DP00072,16002,16007,17717,17722,6,RVSAVN
DP00072,20488,20493,30932,30937,6,RVTAIN
DP00072,19431,19440,30276,30285,10,RVVDTTKHSI
DP00072,26983,26991,27670,27678,9,RVYAENAAG
DP00072,24423,24429,26587,26593,7,RVYAENI
DP00072,22627,22633,24791,24797,7,RWIKCNK
DP00072,26955,26961,30904,30910,7,RWVRVNK
DP00072,23435,23447,25599,25611,13,RYEFRVIARNAAG
DP00072,23435,23442,24517,24524,8,RYEFRVIA
DP00072,4372,4377,9664,9669,6,SAKLTV
DP00072,15422,15427,17559,17564,6,SCKLTW
DP00072,23622,23629,26868,26875,8,SCKVTKLL
DP00072,16440,16445,18252,18257,6,SCYLTW
DP00072,2859,2865,12110,12116,7,SDAGEYT
DP00072,3213,3219,12110,12116,7,SDAGEYT
DP00072,2859,2865,3213,3219,7,SDAGEYT
DP00072,3122,3128,20975,20981,7,SDAGKYT
DP00072,23689,23695,29104,29110,7,SDGGSEI
DP00072,23689,23695,26935,26941,7,SDGGSEI
DP00072,23689,23695,24771,24777,7,SDGGSEI
DP00072,22607,22613,23689,23695,7,SDGGSEI
DP00072,24771,24777,29104,29110,7,SDGGSEI
DP00072,22607,22613,29104,29110,7,SDGGSEI
DP00072,24771,24777,26935,26941,7,SDGGSEI
DP00072,22607,22613,26935,26941,7,SDGGSEI
DP00072,26248,26255,32074,32081,8,SDGGSKIT
DP00072,18656,18662,20044,20050,7,SDGGSPI
DP00072,20044,20050,22211,22217,7,SDGGSPI
DP00072,18756,18762,20044,20050,7,SDGGSPI
DP00072,18656,18662,22211,22217,7,SDGGSPI
DP00072,18656,18662,18756,18762,7,SDGGSPI
DP00072,20836,20841,23293,23298,6,SDGGSR
DP00072,7637,7642,32670,32675,6,SDKGLY
DP00072,23057,23062,26304,26309,6,SDPRQL
DP00072,20208,20213,28471,28476,6,SDPVTI
DP00072,30040,30046,34126,34132,7,SDSGKYT
DP00072,7450,7455,8012,8017,6,SDVGEY
DP00072,23357,23370,24439,24452,14,SECYVARDPCDPPG
DP00072,21091,21097,30155,30161,7,SEPIVAR
DP00072,14993,14998,32133,32138,6,SEPSEP
DP00072,23450,23457,26696,26703,8,SEPSESTG
DP00072,22570,22575,27686,27691,6,SEPVLA
DP00072,21192,21197,23652,23657,6,SEPVVA
DP00072,26699,26704,29956,29961,6,SESTGP
DP00072,23921,23926,32008,32013,6,SFTSLV
DP00072,6024,6030,8282,8288,7,SFVDSVA
DP00072,7073,7078,8769,8774,6,SGEYTC
DP00072,6887,6892,7073,7078,6,SGEYTC
DP00072,6468,6477,7409,7418,10,SGTPPFEVVW
DP00072,4638,4643,5856,5861,6,SGTYVC
DP00072,19081,19086,24215,24220,6,SIKETH
DP00072,27312,27318,31368,31374,7,SISKDSV
DP00072,26430,26435,30775,30780,6,SITISW
DP00072,19439,19444,28109,28114,6,SITLGW
DP00072,23184,23189,24266,24271,6,SITLSW
DP00072,22272,22277,32130,32135,6,SKPSEP
DP00072,21542,21547,26953,26958,6,SLRWVR
DP00072,15928,15933,26512,26517,6,SPPGPP
DP00072,20102,20107,27012,27017,6,SPPSKP
DP00072,18025,18030,20102,20107,6,SPPSKP
DP00072,15210,15215,18629,18634,6,SPPSPP
DP00072,6885,6892,8767,8774,8,SQSGEYTC
DP00072,13236,13246,13325,13335,11,SRENAKVKWFK
DP00072,15421,15426,33862,33867,6,SSCKLT
DP00072,33188,33193,34195,34200,6,SSSSAS
DP00072,20530,20536,31271,31277,7,SSVSLSW
DP00072,20131,20137,29880,29886,7,STVSLIW
DP00072,28405,28410,28600,28605,6,SVILSW
DP00072,25945,25951,30975,30981,7,SVSLAWS
DP00072,20531,20536,22991,22996,6,SVSLSW
DP00072,22991,22996,31272,31277,6,SVSLSW
DP00072,20531,20536,27710,27715,6,SVSLSW
DP00072,27710,27715,31272,31277,6,SVSLSW
DP00072,20531,20536,24073,24078,6,SVSLSW
DP00072,24073,24078,31272,31277,6,SVSLSW
DP00072,23381,23386,31373,31378,6,SVTLQW
DP00072,20434,20444,31670,31680,11,SWKPPADDGGS
DP00072,15519,15524,21016,21021,6,TAEAMT
DP00072,19899,19905,20296,20302,7,TAENSSG
DP00072,1631,1637,20490,20496,7,TAINKAG
DP00072,16931,16936,17341,17346,6,TARDPI
DP00072,4467,4472,8193,8198,6,TATLTV
DP00072,22195,22201,31761,31767,7,TAVTKDS
DP00072,1776,1781,5111,5116,6,TCRATN
DP00072,6647,6652,8529,8534,6,TCTLEC
DP00072,14853,14858,31300,31305,6,TDKWVR
DP00072,24801,24812,25884,25895,12,TDLRLRVTGLTE
DP00072,5667,5672,5760,5765,6,TDSGTY
DP00072,20483,20489,31426,31432,7,TEYEFRV
DP00072,29539,29545,31426,31432,7,TEYEFRV
DP00072,20483,20489,29539,29545,7,TEYEFRV
DP00072,6838,6851,7779,7792,14,TFTSVIRGTPPFKV
DP00072,14576,14581,23330,23335,6,TGLEEG
DP00072,20477,20482,21561,21566,6,TGLQEG
DP00072,21165,21174,30921,30930,10,TGLTEGLEYE
DP00072,25891,25896,30921,30926,6,TGLTEG
DP00072,29142,29147,30921,30926,6,TGLTEG
DP00072,22746,22751,28055,28060,6,TGLTEN
DP00072,28746,28752,29830,29836,7,TGLVEGL
DP00072,7878,7885,8819,8826,8,TGTPPISV
DP00072,21233,21243,24480,24490,11,TGYIVEKRDLP
DP00072,21233,21239,25562,25568,7,TGYIVEK
DP00072,21233,21239,23398,23404,7,TGYIVEK
DP00072,27727,27733,30891,30897,7,TGYIVER
DP00072,26644,26650,30891,30897,7,TGYIVER
DP00072,14447,14452,21632,21637,6,TGYVVE
DP00072,14447,14452,26255,26260,6,TGYVVE
DP00072,21632,21637,28126,28131,6,TGYVVE
DP00072,26255,26260,28126,28131,6,TGYVVE
DP00072,14447,14452,28126,28131,6,TGYVVE
DP00072,16558,16563,17276,17281,6,TGYWLE
DP00072,775,780,17792,17797,6,THIKTT
DP00072,19658,19666,27926,27934,9,THYIVEKRE
DP00072,26281,26286,27070,27075,6,TISGLT
DP00072,23325,23332,25489,25496,8,TKFKTTGL
DP00072,24312,24331,25394,25413,20,TKLKTGTEYQFRIFAENRYG
DP00072,20129,20135,21904,21910,7,TKSTVSL
DP00072,10131,10136,11420,11425,6,TKVPEV
DP00072,10131,10136,11478,11483,6,TKVPEV
DP00072,10131,10136,11562,11567,6,TKVPEV
DP00072,20983,20990,26790,26797,8,TLKNVAGT
DP00072,22804,22809,26051,26056,6,TLRLFV
DP00072,29339,29344,29354,29359,6,TLTVEN
DP00072,6332,6338,8401,8407,7,TNDVGSD
DP00072,5395,5400,7460,7465,6,TNEVGS
DP00072,27992,27997,29375,29380,6,TPGPPG
DP00072,27596,27601,30268,30273,6,TPGPPS
DP00072,2449,2454,12860,12865,6,TPLKDV
DP00072,33279,33284,33881,33886,6,TQKTSE
DP00072,25085,25090,26168,26173,6,TRKAYA
DP00072,21213,21219,23378,23384,7,TRNSVTL
DP00072,6499,6507,8381,8389,9,TSIHILNVD
DP00072,15109,15114,27595,27600,6,TTPGPP
DP00072,25282,25287,26365,26370,6,TTRVNV
DP00072,4966,4973,8535,8542,8,TVAGTPEL
DP00072,7114,7119,8996,9001,6,TVGLPV
DP00072,25036,25046,29369,29379,11,TVKVLDTPGPP
DP00072,25722,25727,29369,29374,6,TVKVLD
DP00072,25036,25041,25722,25727,6,TVKVLD
DP00072,23027,23032,31051,31056,6,TVKVTE
DP00072,18526,18534,21395,21403,9,TVLDVPGPP
DP00072,4659,4667,8697,8705,9,TVREPPSFV
DP00072,18226,18232,28284,28290,7,TVSVKVL
DP00072,18699,18704,29938,29943,6,TYEFRV
DP00072,21568,21573,29938,29943,6,TYEFRV
DP00072,18699,18704,21568,21573,6,TYEFRV
DP00072,14277,14283,21852,21858,7,TYKVTGL
DP00072,6874,6880,8756,8762,7,VAELELF
DP00072,4967,4974,6091,6098,8,VAGTPELK
DP00072,6654,6661,8536,8543,8,VAGTPELS
DP00072,23361,23375,25525,25539,15,VARDPCDPPGRPEAI
DP00072,6029,6034,8097,8102,6,VATLQI
DP00072,28720,28726,29804,29810,7,VEKKERN
DP00072,29412,29417,30501,30506,6,VEKREA
DP00072,19662,19667,29412,29417,6,VEKREA
DP00072,23997,24002,29412,29417,6,VEKREA
DP00072,21831,21836,29412,29417,6,VEKREA
DP00072,24683,24690,27930,27937,8,VEKRETSR
DP00072,23012,23019,26259,26266,8,VEMQTKGS
DP00072,31541,31546,32196,32201,6,VETSSK
DP00072,22680,22686,24844,24850,7,VFKPGPP
DP00072,8591,8598,9158,9165,8,VGKDSCTA
DP00072,695,701,11980,11986,7,VGKKAEA
DP00072,6522,6528,8404,8410,7,VGSDTCV
DP00072,22002,22007,28208,28213,6,VIAKAG
DP00072,23299,23314,24381,24396,16,VIGYHLERKERNSILW
DP00072,24381,24387,26545,26551,7,VIGYHLE
DP00072,7402,7409,12962,12969,8,VILQCEIS
DP00072,17857,17863,31668,31674,7,VISWKPP
DP00072,25695,25700,26776,26781,6,VKDCIR
DP00072,5222,5227,5502,5507,6,VKEPAT
DP00072,5502,5507,7850,7855,6,VKEPAT
DP00072,6440,6445,13207,13212,6,VKEPPV
DP00072,17652,17657,22887,22892,6,VKEVTK
DP00072,17705,17710,31216,31221,6,VKGLKE
DP00072,764,769,13118,13123,6,VKPRVI
DP00072,22476,22489,25723,25736,14,VKVLDRPGPPEGPL
DP00072,27199,27208,29370,29379,10,VKVLDTPGPP
DP00072,20708,20717,29370,29379,10,VKVLDTPGPP
DP00072,25037,25046,27199,27208,10,VKVLDTPGPP
DP00072,20708,20717,25037,25046,10,VKVLDTPGPP
DP00072,28287,28293,29370,29376,7,VKVLDTP
DP00072,25037,25043,28287,28293,7,VKVLDTP
DP00072,27199,27205,28287,28293,7,VKVLDTP
DP00072,20708,20714,28287,28293,7,VKVLDTP
DP00072,12619,12625,13331,13337,7,VKWFKDG
DP00072,12975,12981,13331,13337,7,VKWFKDG
DP00072,12886,12891,13242,13247,6,VKWFKN
DP00072,14707,14715,26806,26814,9,VLDKPGPPA
DP00072,14707,14715,20312,20320,9,VLDKPGPPA
DP00072,26411,26418,27493,27500,8,VLDRPGPP
DP00072,22478,22485,26411,26418,8,VLDRPGPP
DP00072,25725,25732,26411,26418,8,VLDRPGPP
DP00072,24642,24649,26411,26418,8,VLDRPGPP
DP00072,23560,23567,26411,26418,8,VLDRPGPP
DP00072,22478,22485,27493,27500,8,VLDRPGPP
DP00072,25725,25732,27493,27500,8,VLDRPGPP
DP00072,24642,24649,27493,27500,8,VLDRPGPP
DP00072,23560,23567,27493,27500,8,VLDRPGPP
DP00072,22875,22883,25039,25047,9,VLDTPGPPQ
DP00072,17539,17545,21396,21402,7,VLDVPGP
DP00072,17539,17545,18527,18533,7,VLDVPGP
DP00072,24723,24734,26887,26898,12,VNKYGVGEPLES
DP00072,22559,22570,26887,26898,12,VNKYGVGEPLES
DP00072,23641,23652,26887,26898,12,VNKYGVGEPLES
DP00072,23556,23571,24638,24653,16,VNVKVLDRPGPPEGPV
DP00072,14705,14713,19218,19226,9,VNVLDKPGP
DP00072,10520,10525,11110,11115,6,VPAPVP
DP00072,11452,11466,11508,11522,15,VPEAPKEVVPEKKVP
DP00072,11508,11522,11536,11550,15,VPEAPKEVVPEKKVP
DP00072,10507,10512,11508,11513,6,VPEAPK
DP00072,11041,11049,11095,11103,9,VPEEEVLPE
DP00072,10746,10754,10939,10947,9,VPEEKVPVP
DP00072,10535,10541,11766,11772,7,VPEEPKK
DP00072,10766,10772,11766,11772,7,VPEEPKK
DP00072,10096,10102,11628,11634,7,VPEKKAP
DP00072,10515,10522,11516,11523,8,VPEKKVPA
DP00072,10967,10975,11432,11440,9,VPEKKVPVP
DP00072,10967,10975,11460,11468,9,VPEKKVPVP
DP00072,10967,10975,11544,11552,9,VPEKKVPVP
DP00072,10823,10829,11676,11682,7,VPEVPKE
DP00072,10823,10829,11648,11654,7,VPEVPKE
DP00072,10188,10193,10299,10304,6,VPEVQK
DP00072,21399,21404,22185,22190,6,VPGPPG
DP00072,21399,21404,23267,23272,6,VPGPPG
DP00072,24936,24941,31048,31053,6,VPGTVK
DP00072,24178,24184,29596,29602,7,VPISGRP
DP00072,10908,10913,11691,11696,6,VPKKPE
DP00072,11665,11670,11691,11696,6,VPKKPE
DP00072,10908,10913,11665,11670,6,VPKKPE
DP00072,10948,10953,11142,11147,6,VPKKVE
DP00072,11142,11147,11211,11216,6,VPKKVE
DP00072,11004,11009,11142,11147,6,VPKKVE
DP00072,6725,6731,8607,8613,7,VPPSFTR
DP00072,11417,11425,11475,11483,9,VPPTKVPEV
DP00072,11417,11425,11559,11567,9,VPPTKVPEV
DP00072,23064,23071,25228,25235,8,VPVIAKDL
DP00072,2823,2828,12617,12622,6,VPVKWF
DP00072,10369,10374,11022,11027,6,VPVPVA
DP00072,5129,5136,6816,6823,8,VQEPPSFV
DP00072,22873,22879,23955,23961,7,VRVLDTP
DP00072,21789,21795,23955,23961,7,VRVLDTP
DP00072,19620,19626,23955,23961,7,VRVLDTP
DP00072,23342,23359,25506,25523,18,VSAENIVGIGKPSKVSEC
DP00072,23218,23228,25382,25392,11,VSATVARTTIK
DP00072,23218,23226,24300,24308,9,VSATVARTT
DP00072,24300,24308,25382,25390,9,VSATVARTT
DP00072,15295,15300,26695,26700,6,VSEPSE
DP00072,22345,22350,22643,22648,6,VSGLTE
DP00072,22643,22648,24509,24514,6,VSGLTE
DP00072,6298,6303,7709,7714,6,VSGPKC
DP00072,22412,22418,30397,30403,7,VSGRPPP
DP00072,30476,30481,32060,32065,6,VSRDSV
DP00072,5071,5076,17777,17782,6,VSWFKD
DP00072,8074,8080,9015,9021,7,VSWYKDG
DP00072,7037,7049,8919,8931,13,VSWYKGDTKLRPT
DP00072,19203,19211,32795,32803,9,VTATNTAGS
DP00072,15172,15177,17436,17441,6,VTDVIE
DP00072,10196,10201,10307,10312,6,VTEEKI
DP00072,17309,17314,23725,23730,6,VTGLIE
DP00072,21164,21170,25890,25896,7,VTGLTEG
DP00072,25890,25896,29141,29147,7,VTGLTEG
DP00072,23427,23432,29829,29834,6,VTGLVE
DP00072,5250,5255,5905,5910,6,VTGTPP
DP00072,17379,17385,30890,30896,7,VTGYIVE
DP00072,16970,16976,19657,19663,7,VTHYIVE
DP00072,29984,29989,30383,30388,6,VTIRAG
DP00072,22197,22202,23675,23680,6,VTKDSM
DP00072,19637,19642,19973,19978,6,VTKTSC
DP00072,22987,22992,23377,23382,6,VTRNSV
DP00072,23377,23382,24069,24074,6,VTRNSV
DP00072,22494,22499,24658,24663,6,VTSEKC
DP00072,25440,25446,27310,27316,7,VTSISKD
DP00072,23918,23923,26083,26088,6,VTSSFT
DP00072,15305,15310,19415,19420,6,VVAKDP
DP00072,15119,15124,30570,30575,6,VVDVTK
DP00072,20707,20717,27198,27208,11,VVKVLDTPGPP
DP00072,17818,17823,33560,33565,6,VVVENS
DP00072,22996,23006,25160,25170,11,WEKPEHDGGSR
DP00072,20734,20742,25063,25071,9,WEPPIIDGG
DP00072,6197,6204,12977,12984,8,WFKDGKEI
DP00072,5073,5080,12977,12984,8,WFKDGKEI
DP00072,5073,5080,6197,6204,8,WFKDGKEI
DP00072,19859,19864,20943,20948,6,WKKGED
DP00072,12356,12361,13066,13071,6,WKLKGE
DP00072,2914,2921,3001,3008,8,WLKNGVEI
DP00072,19343,19351,26435,26443,9,WNPPEYDGG
DP00072,27914,27923,31176,31185,10,WRPPADDGGA
DP00072,22422,22430,25668,25676,9,WSKDGKELE
DP00072,23785,23793,25950,25958,9,WSKPIYDGG
DP00072,14931,14939,24078,24086,9,WTKPEHDGG
DP00072,18676,18681,26956,26961,6,WVRVNK
DP00072,18676,18681,30905,30910,6,WVRVNK
DP00072,1324,1329,6664,6669,6,WYKDGK
DP00072,1324,1329,9017,9022,6,WYKDGK
DP00072,1324,1329,33678,33683,6,WYKDGK
DP00072,6664,6669,9017,9022,6,WYKDGK
DP00072,6664,6669,33678,33683,6,WYKDGK
DP00072,9017,9022,33678,33683,6,WYKDGK
DP00072,6477,6482,8359,8364,6,WYKDKR
DP00072,20686,20691,30437,30442,6,YDAGKY
DP00072,19449,19454,25955,25960,6,YDGGAP
DP00072,17669,17675,24872,24878,7,YDGGSEI
DP00072,17669,17675,22708,22714,7,YDGGSEI
DP00072,23391,23405,25555,25569,15,YDGGSKITGYIVEKK
DP00072,15532,15538,25555,25561,7,YDGGSKI
DP00072,15532,15538,23391,23397,7,YDGGSKI
DP00072,19053,19058,20541,20546,6,YDGGSP
DP00072,17269,17274,20541,20546,6,YDGGSP
DP00072,17269,17274,19053,19058,6,YDGGSP
DP00072,10672,10677,10695,10700,6,YEEYEE
DP00072,18700,18708,31428,31436,9,YEFRVFAEN
DP00072,26682,26691,27765,27774,10,YEFRVFARNA
DP00072,27765,27771,31428,31434,7,YEFRVFA
DP00072,18700,18706,27765,27771,7,YEFRVFA
DP00072,26682,26688,31428,31434,7,YEFRVFA
DP00072,18700,18706,26682,26688,7,YEFRVFA
DP00072,22354,22368,24518,24532,15,YEFRVIAKNAAGAIS
DP00072,22354,22360,25600,25606,7,YEFRVIA
DP00072,22354,22360,23436,23442,7,YEFRVIA
DP00072,22256,22262,25600,25606,7,YEFRVIA
DP00072,22256,22262,23436,23442,7,YEFRVIA
DP00072,22256,22262,24518,24524,7,YEFRVIA
DP00072,16292,16300,17014,17022,9,YEFRVKAVN
DP00072,23734,23745,24816,24827,12,YEFRVSAENAAG
DP00072,18009,18017,23338,23346,9,YEFRVSAEN
DP00072,21569,21577,23338,23346,9,YEFRVSAEN
DP00072,18009,18017,21569,21577,9,YEFRVSAEN
DP00072,23338,23346,23734,23742,9,YEFRVSAEN
DP00072,18009,18017,23734,23742,9,YEFRVSAEN
DP00072,18009,18017,24816,24824,9,YEFRVSAEN
DP00072,21569,21577,23734,23742,9,YEFRVSAEN
DP00072,21569,21577,24816,24824,9,YEFRVSAEN
DP00072,24420,24428,27667,27675,9,YEFRVYAEN
DP00072,26584,26592,26980,26988,9,YEYRVYAEN
DP00072,20783,20791,27370,27378,9,YFFRVFAEN
DP00072,21874,21879,30544,30549,6,YGIGEP
DP00072,17224,17229,21874,21879,6,YGIGEP
DP00072,21874,21879,27973,27978,6,YGIGEP
DP00072,21874,21879,25809,25814,6,YGIGEP
DP00072,17224,17229,30544,30549,6,YGIGEP
DP00072,27973,27978,30544,30549,6,YGIGEP
DP00072,25809,25814,30544,30549,6,YGIGEP
DP00072,19705,19710,30147,30152,6,YGPGVP
DP00072,14790,14795,29455,29460,6,YGVGEP
DP00072,24726,24731,29455,29460,6,YGVGEP
DP00072,22562,22567,29455,29460,6,YGVGEP
DP00072,23644,23649,29455,29460,6,YGVGEP
DP00072,26890,26895,29455,29460,6,YGVGEP
DP00072,14790,14795,24726,24731,6,YGVGEP
DP00072,14790,14795,22562,22567,6,YGVGEP
DP00072,14790,14795,23644,23649,6,YGVGEP
DP00072,14790,14795,26890,26895,6,YGVGEP
DP00072,19062,19067,21533,21538,6,YHVERR
DP00072,3692,3698,8958,8964,7,YICKAEN
DP00072,16256,16261,29014,29019,6,YIIEKR
DP00072,16256,16261,25764,25769,6,YIIEKR
DP00072,21038,21044,25863,25869,7,YILEKRD
DP00072,17972,17979,21434,21441,8,YILEKRET
DP00072,29113,29119,31190,31196,7,YILERRE
DP00072,19954,19962,23799,23807,9,YIVEKCDVS
DP00072,23400,23406,26449,26455,7,YIVEKKE
DP00072,22318,22326,24482,24490,9,YIVEKRDLP
DP00072,21235,21243,22318,22326,9,YIVEKRDLP
DP00072,19660,19667,30499,30506,8,YIVEKREA
DP00072,19660,19667,23995,24002,8,YIVEKREA
DP00072,19660,19667,21829,21836,8,YIVEKREA
DP00072,26845,26853,27928,27936,9,YIVEKRETS
DP00072,16666,16671,24092,24097,6,YIVEMQ
DP00072,23010,23015,24092,24097,6,YIVEMQ
DP00072,22616,22622,27729,27735,7,YIVERRD
DP00072,23599,23609,30102,30112,11,YIVERRETSRL
DP00072,26646,26652,30102,30108,7,YIVERRE
DP00072,23599,23605,26646,26652,7,YIVERRE
DP00072,22517,22522,24285,24290,6,YIVQKR
DP00072,18101,18106,29827,29832,6,YKVTGL
DP00072,17307,17312,18101,18106,6,YKVTGL
DP00072,14278,14283,18101,18106,6,YKVTGL
DP00072,18101,18106,21853,21858,6,YKVTGL
DP00072,17307,17312,29827,29832,6,YKVTGL
DP00072,14278,14283,29827,29832,6,YKVTGL
DP00072,21853,21858,29827,29832,6,YKVTGL
DP00072,14278,14283,17307,17312,6,YKVTGL
DP00072,17307,17312,21853,21858,6,YKVTGL
DP00072,22181,22192,23263,23274,12,YPFKVPGPPGTP
DP00072,21598,21606,25928,25936,9,YPPGPPSNP
DP00072,20587,20593,28754,28760,7,YQFRVYA
DP00072,17318,17324,20587,20593,7,YQFRVYA
DP00072,16704,16710,18405,18411,7,YRFRVKA
DP00072,14880,14886,31030,31036,7,YRFRVLA
DP00072,28619,28624,28816,28821,6,YSIEKR
DP00072,8679,8685,31530,31536,7,YTCIATN
DP00072,5203,5212,6234,6243,10,YTCKVSNVAG
DP00072,6234,6240,9247,9253,7,YTCKVSN
DP00072,5203,5209,9247,9253,7,YTCKVSN
DP00072,6797,6810,7738,7751,14,YTCVAANVAGSDEC
DP00072,3038,3043,3218,3223,6,YTFVAG
DP00072,24276,24282,25358,25364,7,YTGGCQI
DP00072,28840,28845,31316,31321,6,YTVTGL
DP00072,15080,15086,30829,30835,7,YVFRVAA
DP00072,15080,15086,26291,26297,7,YVFRVAA
DP00072,16459,16464,25077,25082,6,YVIDKR
DP00072,16873,16878,28327,28332,6,YVIEKR
DP00072,16873,16878,17179,17184,6,YVIEKR
DP00072,16873,16878,17578,17583,6,YVIEKR
DP00072,14449,14455,29410,29416,7,YVVEKRE
DP00072,14449,14455,24681,24687,7,YVVEKRE
DP00072,19458,19463,22121,22126,6,YVVEMR
DP00072,14051,14057,18271,18277,7,YVVERRD
DP00072,22948,22953,30534,30539,6,YYFRVL
DP00072,26195,26200,30534,30539,6,YYFRVL
DP00072,28165,28173,29445,29453,9,YYFRVSAVN
DP00072,19695,19701,24030,24036,7,YYFRVTA
