NM_074174.3,85,87,213,215,3,AAC
NM_074174.3,52,54,213,215,3,AAC
NM_074174.3,24,26,224,226,3,AAC
NM_074174.3,94,96,224,226,3,AAC
NM_074174.3,85,87,145,147,3,AAC
NM_074174.3,52,54,145,147,3,AAC
NM_074174.3,24,26,145,147,3,AAC
NM_074174.3,52,54,67,69,3,AAC
NM_074174.3,24,26,67,69,3,AAC
NM_074174.3,94,96,145,147,3,AAC
NM_074174.3,155,159,221,225,5,ACGAC
NM_074174.3,155,159,189,193,5,ACGAC
NM_074174.3,104,107,245,248,4,ACTC
NM_074174.3,104,107,143,146,4,ACTC
NM_074174.3,104,107,113,116,4,ACTC
NM_074174.3,280,282,280,282,3,AGA
NM_074174.3,92,94,248,250,3,AGA
NM_074174.3,92,94,203,205,3,AGA
NM_074174.3,92,94,182,184,3,AGA
NM_074174.3,135,137,203,205,3,AGA
NM_074174.3,135,137,182,184,3,AGA
NM_074174.3,135,137,248,250,3,AGA
NM_074174.3,135,137,135,137,3,AGA
NM_074174.3,248,250,280,282,3,AGA
NM_074174.3,248,250,248,250,3,AGA
NM_074174.3,182,184,280,282,3,AGA
NM_074174.3,203,205,280,282,3,AGA
NM_074174.3,182,184,203,205,3,AGA
NM_074174.3,182,184,182,184,3,AGA
NM_074174.3,182,184,248,250,3,AGA
NM_074174.3,203,205,203,205,3,AGA
NM_074174.3,203,205,248,250,3,AGA
NM_074174.3,190,203,190,203,14,AGCATCGGCTACGA
NM_074174.3,219,221,276,278,3,AGC
NM_074174.3,215,217,276,278,3,AGC
NM_074174.3,222,224,240,242,3,AGC
NM_074174.3,187,189,240,242,3,AGC
NM_074174.3,190,192,240,242,3,AGC
NM_074174.3,215,217,231,233,3,AGC
NM_074174.3,222,224,231,233,3,AGC
NM_074174.3,187,189,231,233,3,AGC
NM_074174.3,190,192,231,233,3,AGC
NM_074174.3,35,42,35,42,8,ATCTTCTA
NM_074174.3,51,53,94,96,3,CAA
NM_074174.3,23,25,94,96,3,CAA
NM_074174.3,44,46,94,96,3,CAA
NM_074174.3,44,46,85,87,3,CAA
NM_074174.3,44,46,52,54,3,CAA
NM_074174.3,67,69,94,96,3,CAA
NM_074174.3,67,69,85,87,3,CAA
NM_074174.3,12,14,12,14,3,CAC
NM_074174.3,266,268,266,268,3,CCC
NM_074174.3,107,111,209,213,5,CCTCG
NM_074174.3,125,129,209,213,5,CCTCG
NM_074174.3,26,32,120,126,7,CCTCTTC
NM_074174.3,153,160,185,192,8,CGACGACT
NM_074174.3,54,58,148,152,5,CGTTT
NM_074174.3,113,117,157,161,5,CTCAG
NM_074174.3,105,110,105,110,6,CTCCTC
NM_074174.3,105,110,123,128,6,CTCCTC
NM_074174.3,123,128,123,128,6,CTCCTC
NM_074174.3,108,112,243,247,5,CTCGT
NM_074174.3,126,130,243,247,5,CTCGT
NM_074174.3,27,32,140,145,6,CTCTTC
NM_074174.3,237,241,271,275,5,CTTCG
NM_074174.3,29,33,271,275,5,CTTCG
NM_074174.3,120,126,285,291,7,CTTCTCC
NM_074174.3,175,179,245,249,5,GACTC
NM_074174.3,230,232,230,232,3,GCG
NM_074174.3,216,218,262,264,3,GCT
NM_074174.3,209,211,294,296,3,GCT
NM_074174.3,9,11,194,196,3,GCT
NM_074174.3,9,11,206,208,3,GCT
NM_074174.3,209,211,239,241,3,GCT
NM_074174.3,197,199,239,241,3,GCT
NM_074174.3,9,11,239,241,3,GCT
NM_074174.3,216,218,311,313,3,GCT
NM_074174.3,209,211,311,313,3,GCT
NM_074174.3,197,199,311,313,3,GCT
NM_074174.3,9,11,311,313,3,GCT
NM_074174.3,244,246,311,313,3,GCT
NM_074174.3,9,11,31,33,3,GCT
NM_074174.3,3,5,239,241,3,GCT
NM_074174.3,3,5,311,313,3,GCT
NM_074174.3,3,5,31,33,3,GCT
NM_074174.3,3,5,160,162,3,GCT
NM_074174.3,3,5,262,264,3,GCT
NM_074174.3,3,5,194,196,3,GCT
NM_074174.3,3,5,206,208,3,GCT
NM_074174.3,162,164,162,164,3,GGG
NM_074174.3,296,303,296,303,8,GTCTTCTG
NM_074174.3,76,80,168,172,5,GTTTT
NM_074174.3,114,121,114,121,8,TCAGGACT
NM_074174.3,109,112,270,273,4,TCGT
NM_074174.3,127,130,270,273,4,TCGT
NM_074174.3,36,41,297,302,6,TCTTCT
NM_074174.3,139,144,139,144,6,TCTTCT
NM_074174.3,36,41,139,144,6,TCTTCT
NM_074174.3,139,144,297,302,6,TCTTCT
NM_074174.3,2,5,294,297,4,TGCT
NM_074174.3,270,273,294,297,4,TGCT
NM_074174.3,2,5,109,112,4,TGCT
NM_074174.3,2,5,127,130,4,TGCT
NM_074174.3,8,11,294,297,4,TGCT
NM_074174.3,243,246,294,297,4,TGCT
NM_074174.3,100,103,287,290,4,TTCT
NM_074174.3,79,82,287,290,4,TTCT
NM_074174.3,100,103,297,300,4,TTCT
NM_074174.3,79,82,297,300,4,TTCT
NM_074174.3,138,141,297,300,4,TTCT
NM_074174.3,138,141,287,290,4,TTCT
NM_074174.3,100,103,139,142,4,TTCT
NM_074174.3,79,82,139,142,4,TTCT
NM_074174.3,16,20,54,58,5,TTTGC
NM_074174.3,308,318,308,318,11,TTTTCGCTTTT
NM_074174.3,77,81,306,310,5,TTTTC
NM_074174.3,77,81,314,318,5,TTTTC
NM_074174.3,57,61,76,80,5,TTTTG
NM_066915.4,375,377,375,377,3,AAA
NM_066915.4,306,308,375,377,3,AAA
NM_066915.4,306,308,306,308,3,AAA
NM_066915.4,106,108,374,376,3,AAC
NM_066915.4,97,99,374,376,3,AAC
NM_066915.4,343,345,374,376,3,AAC
NM_066915.4,122,124,374,376,3,AAC
NM_066915.4,109,111,374,376,3,AAC
NM_066915.4,106,108,305,307,3,AAC
NM_066915.4,97,99,305,307,3,AAC
NM_066915.4,122,124,305,307,3,AAC
NM_066915.4,109,111,305,307,3,AAC
NM_066915.4,142,144,374,376,3,AAC
NM_066915.4,142,144,305,307,3,AAC
NM_066915.4,33,35,345,347,3,AAC
NM_066915.4,142,144,387,389,3,AAC
NM_066915.4,106,108,410,412,3,AAC
NM_066915.4,97,99,410,412,3,AAC
NM_066915.4,343,345,410,412,3,AAC
NM_066915.4,388,390,410,412,3,AAC
NM_066915.4,122,124,410,412,3,AAC
NM_066915.4,109,111,410,412,3,AAC
NM_066915.4,142,144,410,412,3,AAC
NM_066915.4,130,132,374,376,3,AAC
NM_066915.4,130,132,305,307,3,AAC
NM_066915.4,130,132,345,347,3,AAC
NM_066915.4,130,132,410,412,3,AAC
NM_066915.4,33,35,273,275,3,AAC
NM_066915.4,106,108,273,275,3,AAC
NM_066915.4,97,99,273,275,3,AAC
NM_066915.4,122,124,273,275,3,AAC
NM_066915.4,109,111,273,275,3,AAC
NM_066915.4,100,102,374,376,3,AAC
NM_066915.4,100,102,305,307,3,AAC
NM_066915.4,142,144,342,344,3,AAC
NM_066915.4,100,102,273,275,3,AAC
NM_066915.4,100,102,345,347,3,AAC
NM_066915.4,100,102,410,412,3,AAC
NM_066915.4,130,132,252,254,3,AAC
NM_066915.4,33,35,252,254,3,AAC
NM_066915.4,106,108,252,254,3,AAC
NM_066915.4,97,99,252,254,3,AAC
NM_066915.4,122,124,252,254,3,AAC
NM_066915.4,109,111,252,254,3,AAC
NM_066915.4,130,132,165,167,3,AAC
NM_066915.4,33,35,165,167,3,AAC
NM_066915.4,106,108,165,167,3,AAC
NM_066915.4,97,99,165,167,3,AAC
NM_066915.4,122,124,165,167,3,AAC
NM_066915.4,109,111,165,167,3,AAC
NM_066915.4,130,132,186,188,3,AAC
NM_066915.4,33,35,186,188,3,AAC
NM_066915.4,106,108,186,188,3,AAC
NM_066915.4,97,99,186,188,3,AAC
NM_066915.4,122,124,186,188,3,AAC
NM_066915.4,109,111,186,188,3,AAC
NM_066915.4,130,132,207,209,3,AAC
NM_066915.4,33,35,207,209,3,AAC
NM_066915.4,106,108,207,209,3,AAC
NM_066915.4,97,99,207,209,3,AAC
NM_066915.4,122,124,207,209,3,AAC
NM_066915.4,109,111,207,209,3,AAC
NM_066915.4,142,144,207,209,3,AAC
NM_066915.4,376,381,441,446,6,AAGACC
NM_066915.4,253,258,441,446,6,AAGACC
NM_066915.4,107,112,120,125,6,ACAACA
NM_066915.4,107,112,107,112,6,ACAACA
NM_066915.4,120,125,120,125,6,ACAACA
NM_066915.4,143,147,414,418,5,ACACC
NM_066915.4,389,393,414,418,5,ACACC
NM_066915.4,143,147,330,334,5,ACACC
NM_066915.4,240,244,414,418,5,ACACC
NM_066915.4,240,244,330,334,5,ACACC
NM_066915.4,229,232,229,232,4,ACCA
NM_066915.4,361,364,391,394,4,ACCA
NM_066915.4,361,364,463,466,4,ACCA
NM_066915.4,361,364,460,463,4,ACCA
NM_066915.4,361,364,457,460,4,ACCA
NM_066915.4,229,232,361,364,4,ACCA
NM_066915.4,242,245,361,364,4,ACCA
NM_066915.4,361,364,361,364,4,ACCA
NM_066915.4,145,148,447,450,4,ACCG
NM_066915.4,34,37,290,293,4,ACCG
NM_066915.4,34,37,447,450,4,ACCG
NM_066915.4,379,382,447,450,4,ACCG
NM_066915.4,34,37,117,120,4,ACCG
NM_066915.4,334,337,447,450,4,ACCG
NM_066915.4,394,397,447,450,4,ACCG
NM_066915.4,34,37,66,69,4,ACCG
NM_066915.4,50,53,184,187,4,ACTT
NM_066915.4,101,104,295,298,4,ACTT
NM_066915.4,101,104,283,286,4,ACTT
NM_066915.4,50,53,295,298,4,ACTT
NM_066915.4,50,53,283,286,4,ACTT
NM_066915.4,101,104,268,271,4,ACTT
NM_066915.4,188,190,246,248,3,AGC
NM_066915.4,88,90,258,260,3,AGC
NM_066915.4,80,82,258,260,3,AGC
NM_066915.4,80,82,132,134,3,AGC
NM_066915.4,80,82,246,248,3,AGC
NM_066915.4,167,169,258,260,3,AGC
NM_066915.4,167,169,246,248,3,AGC
NM_066915.4,188,190,315,317,3,AGC
NM_066915.4,125,127,258,260,3,AGC
NM_066915.4,125,127,132,134,3,AGC
NM_066915.4,125,127,246,248,3,AGC
NM_066915.4,260,262,315,317,3,AGC
NM_066915.4,80,82,138,140,3,AGC
NM_066915.4,88,90,138,140,3,AGC
NM_066915.4,188,190,366,368,3,AGC
NM_066915.4,80,82,366,368,3,AGC
NM_066915.4,271,273,366,368,3,AGC
NM_066915.4,88,90,366,368,3,AGC
NM_066915.4,260,262,366,368,3,AGC
NM_066915.4,236,240,236,240,5,AGGGA
NM_066915.4,215,219,236,240,5,AGGGA
NM_066915.4,215,219,215,219,5,AGGGA
NM_066915.4,155,157,359,361,3,AGT
NM_066915.4,197,199,359,361,3,AGT
NM_066915.4,105,109,120,124,5,CAACA
NM_066915.4,96,100,120,124,5,CAACA
NM_066915.4,85,89,239,243,5,CACAG
NM_066915.4,85,89,218,222,5,CACAG
NM_066915.4,85,89,428,432,5,CACAG
NM_066915.4,456,467,456,467,12,CACCACCACCAC
NM_066915.4,390,396,461,467,7,CACCACC
NM_066915.4,390,396,458,464,7,CACCACC
NM_066915.4,430,433,474,477,4,CACG
NM_066915.4,220,223,474,477,4,CACG
NM_066915.4,430,433,455,458,4,CACG
NM_066915.4,220,223,455,458,4,CACG
NM_066915.4,220,223,261,264,4,CACG
NM_066915.4,262,265,474,477,4,CACG
NM_066915.4,262,265,455,458,4,CACG
NM_066915.4,21,24,227,230,4,CACT
NM_066915.4,285,288,437,440,4,CACT
NM_066915.4,297,300,437,440,4,CACT
NM_066915.4,417,420,437,440,4,CACT
NM_066915.4,21,24,296,299,4,CACT
NM_066915.4,21,24,284,287,4,CACT
NM_066915.4,87,90,171,174,4,CAGC
NM_066915.4,79,82,171,174,4,CAGC
NM_066915.4,87,90,315,318,4,CAGC
NM_066915.4,17,21,17,21,5,CATAC
NM_066915.4,17,21,68,72,5,CATAC
NM_066915.4,68,72,68,72,5,CATAC
NM_066915.4,330,334,389,393,5,CCACA
NM_066915.4,118,122,240,244,5,CCACA
NM_066915.4,464,468,464,468,5,CCACC
NM_066915.4,392,396,392,396,5,CCACC
NM_066915.4,392,396,464,468,5,CCACC
NM_066915.4,150,155,376,381,6,CCAGAA
NM_066915.4,150,155,253,258,6,CCAGAA
NM_066915.4,149,151,149,151,3,CCC
NM_066915.4,15,17,149,151,3,CCC
NM_066915.4,15,17,15,17,3,CCC
NM_066915.4,146,148,189,191,3,CCG
NM_066915.4,179,181,447,449,3,CCG
NM_066915.4,45,47,447,449,3,CCG
NM_066915.4,45,47,189,191,3,CCG
NM_066915.4,35,37,148,150,3,CCG
NM_066915.4,35,37,178,180,3,CCG
NM_066915.4,35,37,189,191,3,CCG
NM_066915.4,190,192,290,292,3,CCG
NM_066915.4,190,192,447,449,3,CCG
NM_066915.4,45,47,66,68,3,CCG
NM_066915.4,45,47,117,119,3,CCG
NM_066915.4,27,29,290,292,3,CCG
NM_066915.4,27,29,447,449,3,CCG
NM_066915.4,27,29,148,150,3,CCG
NM_066915.4,48,51,87,90,4,CGAC
NM_066915.4,48,51,124,127,4,CGAC
NM_066915.4,171,174,453,456,4,CGAC
NM_066915.4,48,51,453,456,4,CGAC
NM_066915.4,315,318,453,456,4,CGAC
NM_066915.4,171,174,270,273,4,CGAC
NM_066915.4,312,315,422,425,4,CGTC
NM_066915.4,174,177,422,425,4,CGTC
NM_066915.4,336,339,422,425,4,CGTC
NM_066915.4,82,85,422,425,4,CGTC
NM_066915.4,28,31,422,425,4,CGTC
NM_066915.4,169,172,322,325,4,CTCG
NM_066915.4,169,172,383,386,4,CTCG
NM_066915.4,169,172,370,373,4,CTCG
NM_066915.4,169,172,403,406,4,CTCG
NM_066915.4,287,290,370,373,4,CTCG
NM_066915.4,287,290,383,386,4,CTCG
NM_066915.4,287,290,403,406,4,CTCG
NM_066915.4,12,15,174,177,4,CTGC
NM_066915.4,12,15,312,315,4,CTGC
NM_066915.4,12,15,82,85,4,CTGC
NM_066915.4,5,10,404,409,6,CTTCTC
NM_066915.4,5,10,299,304,6,CTTCTC
NM_066915.4,5,10,40,45,6,CTTCTC
NM_066915.4,201,205,348,352,5,GAAGG
NM_066915.4,239,241,442,444,3,GAC
NM_066915.4,428,430,442,444,3,GAC
NM_066915.4,218,220,442,444,3,GAC
NM_066915.4,353,355,442,444,3,GAC
NM_066915.4,58,60,442,444,3,GAC
NM_066915.4,58,60,151,153,3,GAC
NM_066915.4,239,241,453,455,3,GAC
NM_066915.4,428,430,453,455,3,GAC
NM_066915.4,218,220,453,455,3,GAC
NM_066915.4,353,355,453,455,3,GAC
NM_066915.4,58,60,453,455,3,GAC
NM_066915.4,239,241,292,294,3,GAC
NM_066915.4,218,220,292,294,3,GAC
NM_066915.4,58,60,292,294,3,GAC
NM_066915.4,172,174,442,444,3,GAC
NM_066915.4,172,174,355,357,3,GAC
NM_066915.4,172,174,292,294,3,GAC
NM_066915.4,310,312,442,444,3,GAC
NM_066915.4,310,312,355,357,3,GAC
NM_066915.4,310,312,453,455,3,GAC
NM_066915.4,49,51,442,444,3,GAC
NM_066915.4,49,51,151,153,3,GAC
NM_066915.4,49,51,355,357,3,GAC
NM_066915.4,316,318,442,444,3,GAC
NM_066915.4,316,318,355,357,3,GAC
NM_066915.4,255,257,270,272,3,GAC
NM_066915.4,58,60,79,81,3,GAC
NM_066915.4,239,241,270,272,3,GAC
NM_066915.4,218,220,270,272,3,GAC
NM_066915.4,58,60,270,272,3,GAC
NM_066915.4,49,51,292,294,3,GAC
NM_066915.4,38,40,442,444,3,GAC
NM_066915.4,38,40,151,153,3,GAC
NM_066915.4,38,40,355,357,3,GAC
NM_066915.4,38,40,453,455,3,GAC
NM_066915.4,38,40,124,126,3,GAC
NM_066915.4,38,40,87,89,3,GAC
NM_066915.4,38,40,292,294,3,GAC
NM_066915.4,261,264,430,433,4,GCAC
NM_066915.4,117,120,256,259,4,GCCA
NM_066915.4,290,293,466,469,4,GCCA
NM_066915.4,290,293,334,337,4,GCCA
NM_066915.4,290,293,394,397,4,GCCA
NM_066915.4,117,120,379,382,4,GCCA
NM_066915.4,447,450,466,469,4,GCCA
NM_066915.4,66,69,256,259,4,GCCA
NM_066915.4,66,69,145,148,4,GCCA
NM_066915.4,66,69,379,382,4,GCCA
NM_066915.4,66,69,466,469,4,GCCA
NM_066915.4,47,49,47,49,3,GCG
NM_066915.4,47,49,181,183,3,GCG
NM_066915.4,81,83,181,183,3,GCG
NM_066915.4,81,83,81,83,3,GCG
NM_066915.4,181,183,181,183,3,GCG
NM_066915.4,126,130,286,290,5,GCTCA
NM_066915.4,93,97,286,290,5,GCTCA
NM_066915.4,76,80,286,290,5,GCTCA
NM_066915.4,192,196,201,205,5,GGAAG
NM_066915.4,192,196,349,353,5,GGAAG
NM_066915.4,249,251,320,322,3,GGT
NM_066915.4,204,206,320,322,3,GGT
NM_066915.4,135,137,320,322,3,GGT
NM_066915.4,266,268,426,428,3,GGT
NM_066915.4,161,163,401,403,3,GTG
NM_066915.4,115,117,161,163,3,GTG
NM_066915.4,294,298,317,321,5,GTTCA
NM_066915.4,282,286,317,321,5,GTTCA
NM_066915.4,183,187,317,321,5,GTTCA
NM_066915.4,284,288,296,300,5,TCACT
NM_066915.4,296,300,296,300,5,TCACT
NM_066915.4,284,288,284,288,5,TCACT
NM_066915.4,113,116,369,372,4,TCGT
NM_066915.4,280,283,423,426,4,TCGT
NM_066915.4,280,283,402,405,4,TCGT
NM_066915.4,280,283,369,372,4,TCGT
NM_066915.4,113,116,423,426,4,TCGT
NM_066915.4,399,402,423,426,4,TCGT
NM_066915.4,300,304,419,423,5,TCTTC
NM_066915.4,405,409,419,423,5,TCTTC
NM_066915.4,41,45,419,423,5,TCTTC
NM_066915.4,62,64,197,199,3,TGA
NM_066915.4,62,64,293,295,3,TGA
NM_066915.4,62,64,155,157,3,TGA
NM_066915.4,92,95,113,116,4,TGCT
NM_066915.4,92,95,280,283,4,TGCT
NM_066915.4,92,95,399,402,4,TGCT
NM_066915.4,369,372,399,402,4,TGCT
NM_066915.4,24,26,266,268,3,TGG
NM_066915.4,2,4,162,164,3,TGT
NM_066915.4,160,162,160,162,3,TGT
NM_066915.4,162,164,162,164,3,TGT
NM_066915.4,2,4,2,4,3,TGT
NM_066915.4,184,187,418,421,4,TTCA
NM_066915.4,268,271,418,421,4,TTCA
NM_066915.4,103,106,317,320,4,TTCA
NM_075619.6,446,449,446,449,4,AAAA
NM_075619.6,332,335,447,450,4,AAAA
NM_075619.6,68,71,447,450,4,AAAA
NM_075619.6,332,335,448,451,4,AAAA
NM_075619.6,68,71,448,451,4,AAAA
NM_075619.6,447,450,461,464,4,AAAA
NM_075619.6,461,464,461,464,4,AAAA
NM_075619.6,332,335,461,464,4,AAAA
NM_075619.6,68,71,461,464,4,AAAA
NM_075619.6,68,71,68,71,4,AAAA
NM_075619.6,332,335,332,335,4,AAAA
NM_075619.6,68,71,332,335,4,AAAA
NM_075619.6,68,71,131,134,4,AAAA
NM_075619.6,448,451,461,464,4,AAAA
NM_075619.6,448,451,448,451,4,AAAA
NM_075619.6,131,134,446,449,4,AAAA
NM_075619.6,131,134,447,450,4,AAAA
NM_075619.6,131,134,461,464,4,AAAA
NM_075619.6,131,134,332,335,4,AAAA
NM_075619.6,131,134,131,134,4,AAAA
NM_075619.6,131,134,448,451,4,AAAA
NM_075619.6,462,466,563,567,5,AAACA
NM_075619.6,333,337,563,567,5,AAACA
NM_075619.6,69,75,485,491,7,AAACGCT
NM_075619.6,415,421,457,463,7,AAAGAAG
NM_075619.6,371,375,562,566,5,AACAC
NM_075619.6,371,375,480,484,5,AACAC
NM_075619.6,308,312,562,566,5,AACAC
NM_075619.6,308,312,480,484,5,AACAC
NM_075619.6,70,76,533,539,7,AACGCTG
NM_075619.6,233,239,456,462,7,AAGAAGT
NM_075619.6,425,431,605,611,7,AAGACGT
NM_075619.6,505,511,505,511,7,AAGCGAA
NM_075619.6,236,242,236,242,7,AAGTGAA
NM_075619.6,301,305,462,466,5,ACAAA
NM_075619.6,301,305,333,337,5,ACAAA
NM_075619.6,301,305,622,626,5,ACAAA
NM_075619.6,563,567,622,626,5,ACAAA
NM_075619.6,276,278,550,552,3,ACC
NM_075619.6,386,388,550,552,3,ACC
NM_075619.6,359,361,550,552,3,ACC
NM_075619.6,276,278,289,291,3,ACC
NM_075619.6,572,574,592,594,3,ACC
NM_075619.6,276,278,592,594,3,ACC
NM_075619.6,386,388,592,594,3,ACC
NM_075619.6,276,278,444,446,3,ACC
NM_075619.6,386,388,444,446,3,ACC
NM_075619.6,359,361,444,446,3,ACC
NM_075619.6,386,388,529,531,3,ACC
NM_075619.6,359,361,529,531,3,ACC
NM_075619.6,572,574,602,604,3,ACC
NM_075619.6,276,278,283,285,3,ACC
NM_075619.6,276,278,602,604,3,ACC
NM_075619.6,276,278,498,500,3,ACC
NM_075619.6,386,388,602,604,3,ACC
NM_075619.6,386,388,498,500,3,ACC
NM_075619.6,473,489,473,489,17,ACGCTAACACAATCGCA
NM_075619.6,120,126,336,342,7,ACGTGAC
NM_075619.6,356,358,556,558,3,ACT
NM_075619.6,125,127,369,371,3,ACT
NM_075619.6,125,127,569,571,3,ACT
NM_075619.6,125,127,161,163,3,ACT
NM_075619.6,404,406,556,558,3,ACT
NM_075619.6,374,376,423,425,3,ACT
NM_075619.6,374,376,556,558,3,ACT
NM_075619.6,356,358,431,433,3,ACT
NM_075619.6,266,268,423,425,3,ACT
NM_075619.6,266,268,369,371,3,ACT
NM_075619.6,31,33,423,425,3,ACT
NM_075619.6,31,33,369,371,3,ACT
NM_075619.6,31,33,118,120,3,ACT
NM_075619.6,266,268,556,558,3,ACT
NM_075619.6,31,33,556,558,3,ACT
NM_075619.6,374,376,582,584,3,ACT
NM_075619.6,374,376,544,546,3,ACT
NM_075619.6,374,376,401,403,3,ACT
NM_075619.6,125,127,582,584,3,ACT
NM_075619.6,201,203,431,433,3,ACT
NM_075619.6,201,203,556,558,3,ACT
NM_075619.6,125,127,544,546,3,ACT
NM_075619.6,125,127,401,403,3,ACT
NM_075619.6,266,268,582,584,3,ACT
NM_075619.6,31,33,582,584,3,ACT
NM_075619.6,266,268,544,546,3,ACT
NM_075619.6,31,33,544,546,3,ACT
NM_075619.6,266,268,401,403,3,ACT
NM_075619.6,31,33,401,403,3,ACT
NM_075619.6,125,127,299,301,3,ACT
NM_075619.6,266,268,299,301,3,ACT
NM_075619.6,31,33,299,301,3,ACT
NM_075619.6,80,82,569,571,3,ACT
NM_075619.6,80,82,161,163,3,ACT
NM_075619.6,80,82,423,425,3,ACT
NM_075619.6,80,82,369,371,3,ACT
NM_075619.6,80,82,118,120,3,ACT
NM_075619.6,80,82,113,115,3,ACT
NM_075619.6,413,419,413,419,7,AGAAAGA
NM_075619.6,225,228,587,590,4,AGAG
NM_075619.6,227,230,412,415,4,AGAG
NM_075619.6,342,345,412,415,4,AGAG
NM_075619.6,342,345,587,590,4,AGAG
NM_075619.6,225,228,597,600,4,AGAG
NM_075619.6,227,230,597,600,4,AGAG
NM_075619.6,588,591,597,600,4,AGAG
NM_075619.6,209,215,209,215,7,AGGAGGA
NM_075619.6,326,332,326,332,7,AGTTTGA
NM_075619.6,167,169,167,169,3,ATA
NM_075619.6,167,169,395,397,3,ATA
NM_075619.6,395,397,395,397,3,ATA
NM_075619.6,518,524,518,524,7,ATGAGTA
NM_075619.6,445,448,622,625,4,CAAA
NM_075619.6,488,491,622,625,4,CAAA
NM_075619.6,278,281,622,625,4,CAAA
NM_075619.6,278,281,462,465,4,CAAA
NM_075619.6,278,281,333,336,4,CAAA
NM_075619.6,278,281,354,357,4,CAAA
NM_075619.6,162,165,193,196,4,CAAG
NM_075619.6,223,226,307,310,4,CAAG
NM_075619.6,232,235,307,310,4,CAAG
NM_075619.6,162,165,307,310,4,CAAG
NM_075619.6,300,304,478,482,5,CACAA
NM_075619.6,300,304,308,312,5,CACAA
NM_075619.6,196,198,385,387,3,CAG
NM_075619.6,341,343,385,387,3,CAG
NM_075619.6,365,367,385,387,3,CAG
NM_075619.6,44,46,247,249,3,CAG
NM_075619.6,44,46,79,81,3,CAG
NM_075619.6,44,46,214,216,3,CAG
NM_075619.6,388,390,427,429,3,CAG
NM_075619.6,388,390,502,504,3,CAG
NM_075619.6,336,338,385,387,3,CAG
NM_075619.6,44,46,502,504,3,CAG
NM_075619.6,341,343,502,504,3,CAG
NM_075619.6,365,367,502,504,3,CAG
NM_075619.6,336,338,427,429,3,CAG
NM_075619.6,290,292,427,429,3,CAG
NM_075619.6,44,46,124,126,3,CAG
NM_075619.6,263,265,358,360,3,CAT
NM_075619.6,166,168,358,360,3,CAT
NM_075619.6,92,94,265,267,3,CAT
NM_075619.6,378,380,577,579,3,CAT
NM_075619.6,263,265,577,579,3,CAT
NM_075619.6,166,168,577,579,3,CAT
NM_075619.6,394,396,577,579,3,CAT
NM_075619.6,114,116,577,579,3,CAT
NM_075619.6,105,107,577,579,3,CAT
NM_075619.6,105,107,358,360,3,CAT
NM_075619.6,222,224,276,278,3,CCA
NM_075619.6,274,276,572,574,3,CCA
NM_075619.6,529,531,572,574,3,CCA
NM_075619.6,387,389,572,574,3,CCA
NM_075619.6,274,276,386,388,3,CCA
NM_075619.6,222,224,386,388,3,CCA
NM_075619.6,289,291,359,361,3,CCA
NM_075619.6,274,276,359,361,3,CCA
NM_075619.6,222,224,359,361,3,CCA
NM_075619.6,91,93,386,388,3,CCA
NM_075619.6,91,93,276,278,3,CCA
NM_075619.6,387,389,578,580,3,CCA
NM_075619.6,277,279,578,580,3,CCA
NM_075619.6,360,362,578,580,3,CCA
NM_075619.6,283,285,386,388,3,CCA
NM_075619.6,91,93,572,574,3,CCA
NM_075619.6,498,500,572,574,3,CCA
NM_075619.6,289,291,578,580,3,CCA
NM_075619.6,550,552,578,580,3,CCA
NM_075619.6,283,285,572,574,3,CCA
NM_075619.6,274,276,578,580,3,CCA
NM_075619.6,288,290,288,290,3,CCC
NM_075619.6,573,575,573,575,3,CCC
NM_075619.6,259,261,573,575,3,CCC
NM_075619.6,288,290,549,551,3,CCC
NM_075619.6,259,261,549,551,3,CCC
NM_075619.6,549,551,549,551,3,CCC
NM_075619.6,259,261,259,261,3,CCC
NM_075619.6,440,442,573,575,3,CCC
NM_075619.6,288,290,440,442,3,CCC
NM_075619.6,261,263,486,488,3,CGC
NM_075619.6,261,263,535,537,3,CGC
NM_075619.6,474,476,474,476,3,CGC
NM_075619.6,486,488,486,488,3,CGC
NM_075619.6,486,488,535,537,3,CGC
NM_075619.6,535,537,535,537,3,CGC
NM_075619.6,72,74,72,74,3,CGC
NM_075619.6,72,74,474,476,3,CGC
NM_075619.6,261,263,261,263,3,CGC
NM_075619.6,96,98,619,621,3,CGG
NM_075619.6,140,142,619,621,3,CGG
NM_075619.6,36,38,619,621,3,CGG
NM_075619.6,96,98,184,186,3,CGG
NM_075619.6,140,142,184,186,3,CGG
NM_075619.6,36,38,184,186,3,CGG
NM_075619.6,6,8,230,232,3,CGG
NM_075619.6,575,581,601,607,7,CGTACCT
NM_075619.6,126,129,146,149,4,CTCT
NM_075619.6,126,129,144,147,4,CTCT
NM_075619.6,126,129,170,173,4,CTCT
NM_075619.6,150,153,170,173,4,CTCT
NM_075619.6,375,377,438,440,3,CTG
NM_075619.6,267,269,438,440,3,CTG
NM_075619.6,128,130,430,432,3,CTG
NM_075619.6,128,130,533,535,3,CTG
NM_075619.6,381,383,568,570,3,CTG
NM_075619.6,381,383,438,440,3,CTG
NM_075619.6,74,76,430,432,3,CTG
NM_075619.6,74,76,568,570,3,CTG
NM_075619.6,74,76,160,162,3,CTG
NM_075619.6,182,184,430,432,3,CTG
NM_075619.6,182,184,568,570,3,CTG
NM_075619.6,74,76,438,440,3,CTG
NM_075619.6,182,184,438,440,3,CTG
NM_075619.6,173,175,430,432,3,CTG
NM_075619.6,173,175,568,570,3,CTG
NM_075619.6,173,175,438,440,3,CTG
NM_075619.6,173,175,533,535,3,CTG
NM_075619.6,32,34,438,440,3,CTG
NM_075619.6,405,407,438,440,3,CTG
NM_075619.6,32,34,533,535,3,CTG
NM_075619.6,405,407,533,535,3,CTG
NM_075619.6,88,94,577,583,7,CTTCCAT
NM_075619.6,202,208,253,259,7,CTTCTTG
NM_075619.6,67,70,489,492,4,GAAA
NM_075619.6,331,334,489,492,4,GAAA
NM_075619.6,130,133,489,492,4,GAAA
NM_075619.6,130,133,303,306,4,GAAA
NM_075619.6,460,463,565,568,4,GAAA
NM_075619.6,67,70,565,568,4,GAAA
NM_075619.6,67,70,415,418,4,GAAA
NM_075619.6,414,417,565,568,4,GAAA
NM_075619.6,331,334,415,418,4,GAAA
NM_075619.6,130,133,415,418,4,GAAA
NM_075619.6,240,243,489,492,4,GAAA
NM_075619.6,198,201,241,244,4,GAAA
NM_075619.6,240,243,303,306,4,GAAA
NM_075619.6,67,70,241,244,4,GAAA
NM_075619.6,193,196,361,364,4,GAAC
NM_075619.6,193,196,551,554,4,GAAC
NM_075619.6,307,310,361,364,4,GAAC
NM_075619.6,307,310,551,554,4,GAAC
NM_075619.6,193,196,537,540,4,GAAC
NM_075619.6,307,310,537,540,4,GAAC
NM_075619.6,307,310,424,427,4,GAAC
NM_075619.6,193,196,583,586,4,GAAC
NM_075619.6,457,462,610,615,6,GAAGAA
NM_075619.6,247,249,388,390,3,GAC
NM_075619.6,247,249,290,292,3,GAC
NM_075619.6,214,216,290,292,3,GAC
NM_075619.6,385,387,607,609,3,GAC
NM_075619.6,214,216,365,367,3,GAC
NM_075619.6,214,216,607,609,3,GAC
NM_075619.6,214,216,341,343,3,GAC
NM_075619.6,502,504,607,609,3,GAC
NM_075619.6,79,81,388,390,3,GAC
NM_075619.6,79,81,290,292,3,GAC
NM_075619.6,79,81,336,338,3,GAC
NM_075619.6,427,429,557,559,3,GAC
NM_075619.6,247,249,557,559,3,GAC
NM_075619.6,214,216,557,559,3,GAC
NM_075619.6,502,504,557,559,3,GAC
NM_075619.6,124,126,365,367,3,GAC
NM_075619.6,124,126,607,609,3,GAC
NM_075619.6,124,126,341,343,3,GAC
NM_075619.6,124,126,196,198,3,GAC
NM_075619.6,427,429,432,434,3,GAC
NM_075619.6,247,249,432,434,3,GAC
NM_075619.6,385,387,432,434,3,GAC
NM_075619.6,124,126,388,390,3,GAC
NM_075619.6,214,216,432,434,3,GAC
NM_075619.6,77,80,225,228,4,GAGA
NM_075619.6,191,194,342,345,4,GAGA
NM_075619.6,226,229,342,345,4,GAGA
NM_075619.6,77,80,588,591,4,GAGA
NM_075619.6,191,194,588,591,4,GAGA
NM_075619.6,98,101,225,228,4,GAGA
NM_075619.6,98,101,588,591,4,GAGA
NM_075619.6,98,101,342,345,4,GAGA
NM_075619.6,322,326,389,393,5,GAGGA
NM_075619.6,208,212,389,393,5,GAGGA
NM_075619.6,211,215,323,327,5,GAGGA
NM_075619.6,322,326,585,589,5,GAGGA
NM_075619.6,211,215,585,589,5,GAGGA
NM_075619.6,208,212,585,589,5,GAGGA
NM_075619.6,187,193,187,193,7,GAGGGAG
NM_075619.6,142,144,245,247,3,GAT
NM_075619.6,3,5,245,247,3,GAT
NM_075619.6,109,111,245,247,3,GAT
NM_075619.6,314,316,351,353,3,GAT
NM_075619.6,3,5,59,61,3,GAT
NM_075619.6,56,58,245,247,3,GAT
NM_075619.6,56,58,351,353,3,GAT
NM_075619.6,231,233,473,475,3,GCA
NM_075619.6,487,489,531,533,3,GCA
NM_075619.6,231,233,531,533,3,GCA
NM_075619.6,364,366,473,475,3,GCA
NM_075619.6,364,366,531,533,3,GCA
NM_075619.6,340,342,473,475,3,GCA
NM_075619.6,43,45,473,475,3,GCA
NM_075619.6,43,45,71,73,3,GCA
NM_075619.6,231,233,428,430,3,GCA
NM_075619.6,43,45,311,313,3,GCA
NM_075619.6,165,167,473,475,3,GCA
NM_075619.6,393,395,473,475,3,GCA
NM_075619.6,165,167,311,313,3,GCA
NM_075619.6,165,167,428,430,3,GCA
NM_075619.6,165,167,531,533,3,GCA
NM_075619.6,165,167,251,253,3,GCA
NM_075619.6,393,395,428,430,3,GCA
NM_075619.6,393,395,531,533,3,GCA
NM_075619.6,262,264,311,313,3,GCA
NM_075619.6,262,264,428,430,3,GCA
NM_075619.6,262,264,531,533,3,GCA
NM_075619.6,377,379,473,475,3,GCA
NM_075619.6,185,187,269,271,3,GCG
NM_075619.6,185,187,383,385,3,GCG
NM_075619.6,269,271,269,271,3,GCG
NM_075619.6,383,385,383,385,3,GCG
NM_075619.6,269,271,383,385,3,GCG
NM_075619.6,540,542,540,542,3,GCG
NM_075619.6,185,187,185,187,3,GCG
NM_075619.6,421,423,485,487,3,GCT
NM_075619.6,181,183,485,487,3,GCT
NM_075619.6,421,423,534,536,3,GCT
NM_075619.6,512,514,534,536,3,GCT
NM_075619.6,46,48,534,536,3,GCT
NM_075619.6,181,183,628,630,3,GCT
NM_075619.6,421,423,628,630,3,GCT
NM_075619.6,554,556,628,630,3,GCT
NM_075619.6,512,514,628,630,3,GCT
NM_075619.6,46,48,628,630,3,GCT
NM_075619.6,73,75,628,630,3,GCT
NM_075619.6,475,477,628,630,3,GCT
NM_075619.6,317,319,534,536,3,GCT
NM_075619.6,317,319,485,487,3,GCT
NM_075619.6,97,100,187,190,4,GGAG
NM_075619.6,76,79,187,190,4,GGAG
NM_075619.6,178,181,228,231,4,GGAG
NM_075619.6,210,213,228,231,4,GGAG
NM_075619.6,97,100,211,214,4,GGAG
NM_075619.6,97,100,322,325,4,GGAG
NM_075619.6,190,193,211,214,4,GGAG
NM_075619.6,190,193,322,325,4,GGAG
NM_075619.6,178,181,211,214,4,GGAG
NM_075619.6,76,79,211,214,4,GGAG
NM_075619.6,178,181,322,325,4,GGAG
NM_075619.6,76,79,322,325,4,GGAG
NM_075619.6,97,100,208,211,4,GGAG
NM_075619.6,190,193,208,211,4,GGAG
NM_075619.6,178,181,208,211,4,GGAG
NM_075619.6,76,79,208,211,4,GGAG
NM_075619.6,37,40,211,214,4,GGAG
NM_075619.6,37,40,322,325,4,GGAG
NM_075619.6,37,40,187,190,4,GGAG
NM_075619.6,157,160,211,214,4,GGAG
NM_075619.6,157,160,322,325,4,GGAG
NM_075619.6,157,160,228,231,4,GGAG
NM_075619.6,157,160,187,190,4,GGAG
NM_075619.6,184,186,312,314,3,GGC
NM_075619.6,189,191,295,297,3,GGG
NM_075619.6,7,9,75,77,3,GGT
NM_075619.6,7,9,54,56,3,GGT
NM_075619.6,7,9,174,176,3,GGT
NM_075619.6,175,177,183,185,3,GGT
NM_075619.6,175,177,618,620,3,GGT
NM_075619.6,7,9,320,322,3,GGT
NM_075619.6,7,9,65,67,3,GGT
NM_075619.6,7,9,156,158,3,GGT
NM_075619.6,175,177,320,322,3,GGT
NM_075619.6,296,298,631,633,3,GGT
NM_075619.6,296,298,618,620,3,GGT
NM_075619.6,7,9,294,296,3,GGT
NM_075619.6,175,177,294,296,3,GGT
NM_075619.6,21,23,631,633,3,GGT
NM_075619.6,21,23,177,179,3,GGT
NM_075619.6,21,23,75,77,3,GGT
NM_075619.6,21,23,54,56,3,GGT
NM_075619.6,7,9,20,22,3,GGT
NM_075619.6,21,23,183,185,3,GGT
NM_075619.6,21,23,618,620,3,GGT
NM_075619.6,160,162,182,184,3,GTC
NM_075619.6,34,36,375,377,3,GTC
NM_075619.6,34,36,267,269,3,GTC
NM_075619.6,34,36,128,130,3,GTC
NM_075619.6,160,162,381,383,3,GTC
NM_075619.6,34,36,381,383,3,GTC
NM_075619.6,160,162,173,175,3,GTC
NM_075619.6,34,36,173,175,3,GTC
NM_075619.6,85,91,202,208,7,GTTCTTC
NM_075619.6,13,16,328,331,4,GTTT
NM_075619.6,22,25,328,331,4,GTTT
NM_075619.6,13,16,154,157,4,GTTT
NM_075619.6,22,25,82,85,4,GTTT
NM_075619.6,13,16,63,66,4,GTTT
NM_075619.6,477,479,616,618,3,TAA
NM_075619.6,358,360,468,470,3,TAC
NM_075619.6,358,360,625,627,3,TAC
NM_075619.6,577,579,625,627,3,TAC
NM_075619.6,358,360,394,396,3,TAC
NM_075619.6,265,267,378,380,3,TAC
NM_075619.6,265,267,284,286,3,TAC
NM_075619.6,265,267,603,605,3,TAC
NM_075619.6,265,267,499,501,3,TAC
NM_075619.6,265,267,468,470,3,TAC
NM_075619.6,265,267,593,595,3,TAC
NM_075619.6,265,267,625,627,3,TAC
NM_075619.6,30,32,166,168,3,TAC
NM_075619.6,30,32,394,396,3,TAC
NM_075619.6,30,32,263,265,3,TAC
NM_075619.6,30,32,378,380,3,TAC
NM_075619.6,30,32,92,94,3,TAC
NM_075619.6,30,32,284,286,3,TAC
NM_075619.6,30,32,603,605,3,TAC
NM_075619.6,30,32,499,501,3,TAC
NM_075619.6,30,32,468,470,3,TAC
NM_075619.6,59,61,142,144,3,TAG
NM_075619.6,59,61,314,316,3,TAG
NM_075619.6,59,61,109,111,3,TAG
NM_075619.6,351,353,517,519,3,TAG
NM_075619.6,59,61,517,519,3,TAG
NM_075619.6,48,54,48,54,7,TATCTAT
NM_075619.6,118,120,356,358,3,TCA
NM_075619.6,118,120,404,406,3,TCA
NM_075619.6,118,120,201,203,3,TCA
NM_075619.6,369,371,374,376,3,TCA
NM_075619.6,299,301,356,358,3,TCA
NM_075619.6,299,301,404,406,3,TCA
NM_075619.6,113,115,356,358,3,TCA
NM_075619.6,113,115,374,376,3,TCA
NM_075619.6,113,115,404,406,3,TCA
NM_075619.6,113,115,201,203,3,TCA
NM_075619.6,118,120,266,268,3,TCA
NM_075619.6,104,106,356,358,3,TCA
NM_075619.6,104,106,125,127,3,TCA
NM_075619.6,104,106,374,376,3,TCA
NM_075619.6,104,106,404,406,3,TCA
NM_075619.6,485,487,554,556,3,TCG
NM_075619.6,485,487,512,514,3,TCG
NM_075619.6,534,536,554,556,3,TCG
NM_075619.6,5,7,554,556,3,TCG
NM_075619.6,5,7,421,423,3,TCG
NM_075619.6,5,7,512,514,3,TCG
NM_075619.6,5,7,73,75,3,TCG
NM_075619.6,5,7,181,183,3,TCG
NM_075619.6,35,37,475,477,3,TCG
NM_075619.6,35,37,46,48,3,TCG
NM_075619.6,35,37,554,556,3,TCG
NM_075619.6,35,37,421,423,3,TCG
NM_075619.6,35,37,512,514,3,TCG
NM_075619.6,5,7,317,319,3,TCG
NM_075619.6,35,37,317,319,3,TCG
NM_075619.6,116,119,150,153,4,TCTC
NM_075619.6,111,114,150,153,4,TCTC
NM_075619.6,144,147,150,153,4,TCTC
NM_075619.6,116,119,145,148,4,TCTC
NM_075619.6,111,114,145,148,4,TCTC
NM_075619.6,116,119,171,174,4,TCTC
NM_075619.6,111,114,171,174,4,TCTC
NM_075619.6,146,149,171,174,4,TCTC
NM_075619.6,151,157,345,351,7,TCTTTTG
NM_075619.6,239,245,239,245,7,TGAAAGT
NM_075619.6,54,56,296,298,3,TGG
NM_075619.6,183,185,296,298,3,TGG
NM_075619.6,75,77,296,298,3,TGG
NM_075619.6,177,179,296,298,3,TGG
NM_075619.6,174,176,296,298,3,TGG
NM_075619.6,54,56,175,177,3,TGG
NM_075619.6,75,77,175,177,3,TGG
NM_075619.6,65,67,175,177,3,TGG
NM_075619.6,156,158,175,177,3,TGG
NM_075619.6,33,35,398,400,3,TGT
NM_075619.6,33,35,525,527,3,TGT
NM_075619.6,398,400,406,408,3,TGT
NM_075619.6,398,400,398,400,3,TGT
NM_075619.6,398,400,525,527,3,TGT
NM_075619.6,525,527,525,527,3,TGT
NM_075619.6,33,35,84,86,3,TGT
NM_075619.6,84,86,406,408,3,TGT
NM_075619.6,406,408,406,408,3,TGT
NM_075619.6,406,408,525,527,3,TGT
NM_075619.6,58,64,58,64,7,TTAGATT
NM_075619.6,496,502,576,582,7,TTCCATG
NM_075619.6,203,207,203,207,5,TTCTT
NM_075619.6,86,90,254,258,5,TTCTT
NM_075619.6,254,258,254,258,5,TTCTT
NM_075619.6,86,90,86,90,5,TTCTT
NM_075619.6,25,29,254,258,5,TTCTT
NM_075619.6,25,29,86,90,5,TTCTT
NM_075619.6,15,19,254,258,5,TTCTT
NM_075619.6,15,19,86,90,5,TTCTT
NM_075619.6,25,29,203,207,5,TTCTT
NM_075619.6,15,19,203,207,5,TTCTT
NM_075619.6,293,299,293,299,7,TTGGGTT
NM_075619.6,24,30,24,30,7,TTTCTTT
NM_075619.6,14,20,24,30,7,TTTCTTT
NM_075619.6,63,66,327,330,4,TTTG
NM_075619.6,63,66,345,348,4,TTTG
NM_075619.6,18,21,327,330,4,TTTG
NM_075619.6,18,21,345,348,4,TTTG
NM_075619.6,154,157,327,330,4,TTTG
NM_075619.6,82,85,327,330,4,TTTG
NM_075619.6,82,85,345,348,4,TTTG
NM_062602.2,65,71,65,71,7,AAAAAAA
NM_062602.2,131,135,429,433,5,AAAAC
NM_062602.2,431,435,537,541,5,AAAAC
NM_062602.2,131,135,537,541,5,AAAAC
NM_062602.2,180,184,429,433,5,AAAAC
NM_062602.2,180,184,537,541,5,AAAAC
NM_062602.2,68,74,177,183,7,AAAAGAA
NM_062602.2,61,67,61,67,7,AAACAAA
NM_062602.2,181,186,260,265,6,AAACCG
NM_062602.2,181,186,220,225,6,AAACCG
NM_062602.2,176,182,252,258,7,AAAGAAA
NM_062602.2,176,182,456,462,7,AAAGAAA
NM_062602.2,252,258,252,258,7,AAAGAAA
NM_062602.2,252,258,456,462,7,AAAGAAA
NM_062602.2,456,462,456,462,7,AAAGAAA
NM_062602.2,69,75,528,534,7,AAAGAAG
NM_062602.2,170,176,170,176,7,AACACAA
NM_062602.2,152,157,528,533,6,AAGAAG
NM_062602.2,70,75,151,156,6,AAGAAG
NM_062602.2,443,446,489,492,4,AAGC
NM_062602.2,109,112,144,147,4,AAGC
NM_062602.2,109,112,489,492,4,AAGC
NM_062602.2,218,221,501,504,4,AAGC
NM_062602.2,218,221,450,453,4,AAGC
NM_062602.2,443,446,501,504,4,AAGC
NM_062602.2,443,446,450,453,4,AAGC
NM_062602.2,109,112,527,530,4,AAGC
NM_062602.2,218,221,527,530,4,AAGC
NM_062602.2,443,446,527,530,4,AAGC
NM_062602.2,389,395,467,473,7,AAGTTTT
NM_062602.2,356,358,372,374,3,AAT
NM_062602.2,356,358,408,410,3,AAT
NM_062602.2,338,340,372,374,3,AAT
NM_062602.2,338,340,408,410,3,AAT
NM_062602.2,55,57,372,374,3,AAT
NM_062602.2,55,57,408,410,3,AAT
NM_062602.2,55,57,60,62,3,AAT
NM_062602.2,191,193,372,374,3,AAT
NM_062602.2,191,193,408,410,3,AAT
NM_062602.2,173,176,440,443,4,ACAA
NM_062602.2,63,66,170,173,4,ACAA
NM_062602.2,189,192,440,443,4,ACAA
NM_062602.2,189,192,473,476,4,ACAA
NM_062602.2,189,192,264,267,4,ACAA
NM_062602.2,368,371,440,443,4,ACAA
NM_062602.2,368,371,473,476,4,ACAA
NM_062602.2,183,189,183,189,7,ACCGCCA
NM_062602.2,13,19,350,356,7,ACGGTAT
NM_062602.2,48,54,325,331,7,ACTTGCC
NM_062602.2,548,554,548,554,7,AGAAAGA
NM_062602.2,438,444,473,479,7,AGAACAA
NM_062602.2,150,155,150,155,6,AGAAGA
NM_062602.2,153,158,153,158,6,AGAAGA
NM_062602.2,504,507,504,507,4,AGGA
NM_062602.2,140,143,504,507,4,AGGA
NM_062602.2,10,13,504,507,4,AGGA
NM_062602.2,10,13,74,77,4,AGGA
NM_062602.2,10,13,128,131,4,AGGA
NM_062602.2,128,131,128,131,4,AGGA
NM_062602.2,140,143,140,143,4,AGGA
NM_062602.2,10,13,140,143,4,AGGA
NM_062602.2,128,131,140,143,4,AGGA
NM_062602.2,10,13,10,13,4,AGGA
NM_062602.2,140,143,233,236,4,AGGA
NM_062602.2,10,13,233,236,4,AGGA
NM_062602.2,128,131,233,236,4,AGGA
NM_062602.2,74,77,140,143,4,AGGA
NM_062602.2,74,77,504,507,4,AGGA
NM_062602.2,74,77,233,236,4,AGGA
NM_062602.2,74,77,74,77,4,AGGA
NM_062602.2,233,236,504,507,4,AGGA
NM_062602.2,233,236,233,236,4,AGGA
NM_062602.2,85,91,265,271,7,AGTTACA
NM_062602.2,407,409,407,409,3,ATA
NM_062602.2,410,412,410,412,3,ATA
NM_062602.2,349,351,410,412,3,ATA
NM_062602.2,349,351,349,351,3,ATA
NM_062602.2,41,43,407,409,3,ATA
NM_062602.2,41,43,371,373,3,ATA
NM_062602.2,41,43,410,412,3,ATA
NM_062602.2,41,43,317,319,3,ATA
NM_062602.2,41,43,349,351,3,ATA
NM_062602.2,317,319,407,409,3,ATA
NM_062602.2,317,319,371,373,3,ATA
NM_062602.2,317,319,317,319,3,ATA
NM_062602.2,317,319,349,351,3,ATA
NM_062602.2,41,43,41,43,3,ATA
NM_062602.2,357,368,357,368,12,ATCTCAACTCTA
NM_062602.2,429,435,429,435,7,CAAAAAC
NM_062602.2,174,184,174,184,11,CAAAAGAAAAC
NM_062602.2,64,68,538,542,5,CAAAA
NM_062602.2,174,178,431,435,5,CAAAA
NM_062602.2,174,178,538,542,5,CAAAA
NM_062602.2,64,68,180,184,5,CAAAA
NM_062602.2,64,68,131,135,5,CAAAA
NM_062602.2,215,219,538,542,5,CAAAA
NM_062602.2,167,169,506,508,3,CAG
NM_062602.2,305,307,506,508,3,CAG
NM_062602.2,508,510,521,523,3,CAG
NM_062602.2,92,94,521,523,3,CAG
NM_062602.2,92,94,142,144,3,CAG
NM_062602.2,92,94,342,344,3,CAG
NM_062602.2,167,169,342,344,3,CAG
NM_062602.2,305,307,342,344,3,CAG
NM_062602.2,84,86,506,508,3,CAG
NM_062602.2,84,86,142,144,3,CAG
NM_062602.2,84,86,342,344,3,CAG
NM_062602.2,92,94,495,497,3,CAG
NM_062602.2,92,94,403,405,3,CAG
NM_062602.2,508,510,517,519,3,CAG
NM_062602.2,92,94,517,519,3,CAG
NM_062602.2,167,169,495,497,3,CAG
NM_062602.2,305,307,495,497,3,CAG
NM_062602.2,167,169,403,405,3,CAG
NM_062602.2,305,307,403,405,3,CAG
NM_062602.2,167,169,517,519,3,CAG
NM_062602.2,305,307,517,519,3,CAG
NM_062602.2,92,94,136,138,3,CAG
NM_062602.2,84,86,136,138,3,CAG
NM_062602.2,21,23,367,369,3,CAT
NM_062602.2,40,42,88,90,3,CAT
NM_062602.2,40,42,367,369,3,CAT
NM_062602.2,221,223,227,229,3,CCA
NM_062602.2,53,55,227,229,3,CCA
NM_062602.2,166,168,303,305,3,CCA
NM_062602.2,83,85,303,305,3,CCA
NM_062602.2,261,263,522,524,3,CCA
NM_062602.2,221,223,522,524,3,CCA
NM_062602.2,53,55,522,524,3,CCA
NM_062602.2,83,85,183,185,3,CCA
NM_062602.2,416,418,522,524,3,CCA
NM_062602.2,295,297,303,305,3,CCA
NM_062602.2,187,189,303,305,3,CCA
NM_062602.2,187,189,227,229,3,CCA
NM_062602.2,187,189,522,524,3,CCA
NM_062602.2,228,230,228,230,3,CCC
NM_062602.2,325,327,415,417,3,CCG
NM_062602.2,27,29,294,296,3,CCT
NM_062602.2,27,29,82,84,3,CCT
NM_062602.2,27,29,487,489,3,CCT
NM_062602.2,144,147,218,221,4,CGAA
NM_062602.2,144,147,163,166,4,CGAA
NM_062602.2,185,187,344,346,3,CGC
NM_062602.2,322,324,344,346,3,CGC
NM_062602.2,185,187,299,301,3,CGC
NM_062602.2,299,301,299,301,3,CGC
NM_062602.2,322,324,322,324,3,CGC
NM_062602.2,299,301,322,324,3,CGC
NM_062602.2,310,312,344,346,3,CGC
NM_062602.2,185,187,310,312,3,CGC
NM_062602.2,230,232,353,355,3,CGG
NM_062602.2,14,16,259,261,3,CGG
NM_062602.2,230,232,544,546,3,CGG
NM_062602.2,98,100,353,355,3,CGG
NM_062602.2,98,100,544,546,3,CGG
NM_062602.2,45,47,353,355,3,CGG
NM_062602.2,282,284,353,355,3,CGG
NM_062602.2,314,316,353,355,3,CGG
NM_062602.2,45,47,544,546,3,CGG
NM_062602.2,282,284,544,546,3,CGG
NM_062602.2,314,316,544,546,3,CGG
NM_062602.2,14,16,414,416,3,CGG
NM_062602.2,332,334,414,416,3,CGG
NM_062602.2,98,100,414,416,3,CGG
NM_062602.2,45,47,414,416,3,CGG
NM_062602.2,282,284,414,416,3,CGG
NM_062602.2,314,316,414,416,3,CGG
NM_062602.2,38,40,38,40,3,CTC
NM_062602.2,312,314,364,366,3,CTC
NM_062602.2,38,40,274,276,3,CTC
NM_062602.2,312,314,359,361,3,CTC
NM_062602.2,38,40,359,361,3,CTC
NM_062602.2,359,361,359,361,3,CTC
NM_062602.2,364,366,364,366,3,CTC
NM_062602.2,274,276,274,276,3,CTC
NM_062602.2,274,276,364,366,3,CTC
NM_062602.2,199,201,280,282,3,CTG
NM_062602.2,103,105,249,251,3,CTG
NM_062602.2,35,37,249,251,3,CTG
NM_062602.2,199,201,249,251,3,CTG
NM_062602.2,28,30,280,282,3,CTG
NM_062602.2,241,243,421,423,3,CTT
NM_062602.2,241,243,277,279,3,CTT
NM_062602.2,420,422,535,537,3,CTT
NM_062602.2,276,278,535,537,3,CTT
NM_062602.2,238,240,535,537,3,CTT
NM_062602.2,420,422,463,465,3,CTT
NM_062602.2,276,278,463,465,3,CTT
NM_062602.2,238,240,463,465,3,CTT
NM_062602.2,420,422,481,483,3,CTT
NM_062602.2,420,422,448,450,3,CTT
NM_062602.2,276,278,481,483,3,CTT
NM_062602.2,276,278,448,450,3,CTT
NM_062602.2,276,278,320,322,3,CTT
NM_062602.2,238,240,481,483,3,CTT
NM_062602.2,238,240,448,450,3,CTT
NM_062602.2,238,240,320,322,3,CTT
NM_062602.2,49,51,463,465,3,CTT
NM_062602.2,49,51,277,279,3,CTT
NM_062602.2,49,51,481,483,3,CTT
NM_062602.2,49,51,448,450,3,CTT
NM_062602.2,49,51,320,322,3,CTT
NM_062602.2,49,51,239,241,3,CTT
NM_062602.2,276,278,328,330,3,CTT
NM_062602.2,238,240,328,330,3,CTT
NM_062602.2,241,243,328,330,3,CTT
NM_062602.2,420,422,427,429,3,CTT
NM_062602.2,276,278,427,429,3,CTT
NM_062602.2,238,240,427,429,3,CTT
NM_062602.2,241,243,427,429,3,CTT
NM_062602.2,49,51,486,488,3,CTT
NM_062602.2,466,468,535,537,3,CTT
NM_062602.2,466,468,481,483,3,CTT
NM_062602.2,420,422,486,488,3,CTT
NM_062602.2,276,278,486,488,3,CTT
NM_062602.2,238,240,486,488,3,CTT
NM_062602.2,241,243,486,488,3,CTT
NM_062602.2,513,515,535,537,3,CTT
NM_062602.2,130,136,214,220,7,GAAAACG
NM_062602.2,439,445,439,445,7,GAACAAG
NM_062602.2,118,124,159,165,7,GAAGAGT
NM_062602.2,162,166,450,454,5,GAAGC
NM_062602.2,162,166,501,505,5,GAAGC
NM_062602.2,451,455,527,531,5,GAAGC
NM_062602.2,451,455,501,505,5,GAAGC
NM_062602.2,451,455,489,493,5,GAAGC
NM_062602.2,3,7,117,121,5,GAAGT
NM_062602.2,3,7,209,213,5,GAAGT
NM_062602.2,136,138,305,307,3,GAC
NM_062602.2,136,138,167,169,3,GAC
NM_062602.2,136,138,508,510,3,GAC
NM_062602.2,142,144,305,307,3,GAC
NM_062602.2,142,144,167,169,3,GAC
NM_062602.2,142,144,508,510,3,GAC
NM_062602.2,342,344,508,510,3,GAC
NM_062602.2,12,14,305,307,3,GAC
NM_062602.2,12,14,167,169,3,GAC
NM_062602.2,12,14,92,94,3,GAC
NM_062602.2,12,14,508,510,3,GAC
NM_062602.2,12,14,84,86,3,GAC
NM_062602.2,403,405,508,510,3,GAC
NM_062602.2,495,497,508,510,3,GAC
NM_062602.2,47,49,305,307,3,GAC
NM_062602.2,47,49,167,169,3,GAC
NM_062602.2,47,49,92,94,3,GAC
NM_062602.2,47,49,508,510,3,GAC
NM_062602.2,47,49,84,86,3,GAC
NM_062602.2,220,222,229,231,3,GCC
NM_062602.2,165,167,229,231,3,GCC
NM_062602.2,186,188,229,231,3,GCC
NM_062602.2,52,54,229,231,3,GCC
NM_062602.2,220,222,325,327,3,GCC
NM_062602.2,165,167,325,327,3,GCC
NM_062602.2,186,188,325,327,3,GCC
NM_062602.2,260,262,325,327,3,GCC
NM_062602.2,323,325,488,490,3,GCC
NM_062602.2,186,188,488,490,3,GCC
NM_062602.2,260,262,488,490,3,GCC
NM_062602.2,415,417,488,490,3,GCC
NM_062602.2,52,54,488,490,3,GCC
NM_062602.2,526,528,526,528,3,GCG
NM_062602.2,97,99,526,528,3,GCG
NM_062602.2,97,99,97,99,3,GCG
NM_062602.2,231,235,231,235,5,GGAGG
NM_062602.2,126,130,231,235,5,GGAGG
NM_062602.2,126,130,126,130,5,GGAGG
NM_062602.2,8,12,231,235,5,GGAGG
NM_062602.2,8,12,126,130,5,GGAGG
NM_062602.2,8,12,8,12,5,GGAGG
NM_062602.2,414,416,435,437,3,GGC
NM_062602.2,414,416,519,521,3,GGC
NM_062602.2,413,415,413,415,3,GGG
NM_062602.2,125,127,125,127,3,GGG
NM_062602.2,15,17,104,106,3,GGT
NM_062602.2,15,17,200,202,3,GGT
NM_062602.2,15,17,380,382,3,GGT
NM_062602.2,15,17,124,126,3,GGT
NM_062602.2,15,17,194,196,3,GGT
NM_062602.2,114,120,204,210,7,GTATGAA
NM_062602.2,249,251,524,526,3,GTC
NM_062602.2,280,282,542,544,3,GTC
NM_062602.2,249,251,385,387,3,GTC
NM_062602.2,6,8,6,8,3,GTG
NM_062602.2,6,8,123,125,3,GTG
NM_062602.2,123,125,123,125,3,GTG
NM_062602.2,379,381,493,495,3,GTG
NM_062602.2,379,381,397,399,3,GTG
NM_062602.2,397,399,397,399,3,GTG
NM_062602.2,6,8,379,381,3,GTG
NM_062602.2,123,125,379,381,3,GTG
NM_062602.2,379,381,379,381,3,GTG
NM_062602.2,391,397,391,397,7,GTTTTTG
NM_062602.2,60,62,370,372,3,TAA
NM_062602.2,60,62,356,358,3,TAA
NM_062602.2,60,62,409,411,3,TAA
NM_062602.2,408,410,461,463,3,TAA
NM_062602.2,408,410,533,535,3,TAA
NM_062602.2,372,374,461,463,3,TAA
NM_062602.2,372,374,533,535,3,TAA
NM_062602.2,60,62,373,375,3,TAA
NM_062602.2,408,410,479,481,3,TAA
NM_062602.2,372,374,479,481,3,TAA
NM_062602.2,88,90,417,419,3,TAC
NM_062602.2,88,90,296,298,3,TAC
NM_062602.2,367,369,423,425,3,TAC
NM_062602.2,88,90,423,425,3,TAC
NM_062602.2,367,369,446,448,3,TAC
NM_062602.2,149,159,149,159,11,TAGAAGAAGAT
NM_062602.2,82,84,465,467,3,TCC
NM_062602.2,294,296,465,467,3,TCC
NM_062602.2,26,28,523,525,3,TCC
NM_062602.2,464,466,523,525,3,TCC
NM_062602.2,487,489,523,525,3,TCC
NM_062602.2,117,121,490,494,5,TGAAG
NM_062602.2,209,213,490,494,5,TGAAG
NM_062602.2,2,6,490,494,5,TGAAG
NM_062602.2,7,9,15,17,3,TGG
NM_062602.2,19,21,466,468,3,TTC
NM_062602.2,421,423,466,468,3,TTC
NM_062602.2,25,27,49,51,3,TTC
NM_062602.2,427,429,466,468,3,TTC
NM_062602.2,328,330,466,468,3,TTC
NM_062602.2,448,450,466,468,3,TTC
NM_062602.2,320,322,466,468,3,TTC
NM_062602.2,277,279,466,468,3,TTC
NM_062602.2,463,465,513,515,3,TTC
NM_062602.2,19,21,513,515,3,TTC
NM_062602.2,421,423,513,515,3,TTC
NM_062602.2,427,429,513,515,3,TTC
NM_062602.2,328,330,513,515,3,TTC
NM_062602.2,25,27,241,243,3,TTC
NM_062602.2,320,322,420,422,3,TTC
NM_062602.2,19,21,420,422,3,TTC
NM_062602.2,19,21,238,240,3,TTC
NM_062602.2,19,21,276,278,3,TTC
NM_062602.2,328,330,420,422,3,TTC
NM_062602.2,25,27,420,422,3,TTC
NM_062602.2,25,27,238,240,3,TTC
NM_062602.2,25,27,276,278,3,TTC
NM_062602.2,239,241,513,515,3,TTC
NM_062602.2,239,241,466,468,3,TTC
NM_062602.2,50,52,86,88,3,TTG
NM_062602.2,268,270,327,329,3,TTG
NM_062602.2,50,52,286,288,3,TTG
NM_062602.2,290,292,327,329,3,TTG
NM_062602.2,50,52,391,393,3,TTG
NM_062602.2,401,403,484,486,3,TTG
NM_062602.2,268,270,484,486,3,TTG
NM_062602.2,290,292,484,486,3,TTG
NM_062602.2,50,52,58,60,3,TTG
NM_062602.2,401,403,426,428,3,TTG
NM_062602.2,268,270,426,428,3,TTG
NM_062602.2,290,292,426,428,3,TTG
NM_062602.2,268,270,289,291,3,TTG
NM_062602.2,50,52,289,291,3,TTG
NM_062602.2,287,289,327,329,3,TTG
NM_062602.2,287,289,484,486,3,TTG
NM_062602.2,287,289,391,393,3,TTG
NM_062602.2,193,195,426,428,3,TTG
NM_062602.2,193,195,327,329,3,TTG
NM_062602.2,193,195,289,291,3,TTG
NM_062602.2,193,195,286,288,3,TTG
NM_062602.2,193,195,484,486,3,TTG
NM_062602.2,193,195,391,393,3,TTG
NM_062602.2,23,29,464,470,7,TTTTCCT
NM_001178175.1,187,190,245,248,4,AAAG
NM_001178175.1,145,148,245,248,4,AAAG
NM_001178175.1,145,148,154,157,4,AAAG
NM_001178175.1,50,53,153,156,4,AAGA
NM_001178175.1,50,53,244,247,4,AAGA
NM_001178175.1,50,53,62,65,4,AAGA
NM_001178175.1,223,226,244,247,4,AAGA
NM_001178175.1,182,185,244,247,4,AAGA
NM_001178175.1,123,126,185,188,4,AATA
NM_001178175.1,142,145,194,197,4,AATA
NM_001178175.1,123,126,134,137,4,AATA
NM_001178175.1,123,126,194,197,4,AATA
NM_001178175.1,123,126,139,142,4,AATA
NM_001178175.1,244,247,277,280,4,AGAA
NM_001178175.1,153,156,277,280,4,AGAA
NM_001178175.1,153,156,182,185,4,AGAA
NM_001178175.1,62,65,156,159,4,AGAA
NM_001178175.1,62,65,277,280,4,AGAA
NM_001178175.1,62,65,182,185,4,AGAA
NM_001178175.1,62,65,165,168,4,AGAA
NM_001178175.1,153,156,223,226,4,AGAA
NM_001178175.1,51,54,223,226,4,AGAA
NM_001178175.1,51,54,156,159,4,AGAA
NM_001178175.1,51,54,277,280,4,AGAA
NM_001178175.1,51,54,182,185,4,AGAA
NM_001178175.1,51,54,165,168,4,AGAA
NM_001178175.1,77,79,128,130,3,AGT
NM_001178175.1,77,79,111,113,3,AGT
NM_001178175.1,71,73,275,277,3,AGT
NM_001178175.1,71,73,128,130,3,AGT
NM_001178175.1,71,73,111,113,3,AGT
NM_001178175.1,71,73,180,182,3,AGT
NM_001178175.1,77,79,108,110,3,AGT
NM_001178175.1,71,73,108,110,3,AGT
NM_001178175.1,71,73,162,164,3,AGT
NM_001178175.1,134,137,142,145,4,ATAA
NM_001178175.1,143,146,235,238,4,ATAA
NM_001178175.1,139,142,235,238,4,ATAA
NM_001178175.1,124,127,235,238,4,ATAA
NM_001178175.1,1,3,295,297,3,ATG
NM_001178175.1,1,3,148,150,3,ATG
NM_001178175.1,65,67,148,150,3,ATG
NM_001178175.1,47,49,316,318,3,ATG
NM_001178175.1,110,112,316,318,3,ATG
NM_001178175.1,253,255,295,297,3,ATG
NM_001178175.1,47,49,67,69,3,ATG
NM_001178175.1,280,282,295,297,3,ATG
NM_001178175.1,29,31,258,260,3,ATG
NM_001178175.1,1,3,258,260,3,ATG
NM_001178175.1,65,67,258,260,3,ATG
NM_001178175.1,127,129,258,260,3,ATG
NM_001178175.1,47,49,258,260,3,ATG
NM_001178175.1,110,112,258,260,3,ATG
NM_001178175.1,29,31,316,318,3,ATG
NM_001178175.1,29,31,295,297,3,ATG
NM_001178175.1,29,31,67,69,3,ATG
NM_001178175.1,29,31,148,150,3,ATG
NM_001178175.1,8,10,114,116,3,CAT
NM_001178175.1,8,10,259,261,3,CAT
NM_001178175.1,8,10,68,70,3,CAT
NM_001178175.1,177,179,259,261,3,CAT
NM_001178175.1,116,118,211,213,3,CCG
NM_001178175.1,116,118,190,192,3,CCG
NM_001178175.1,191,193,232,234,3,CCG
NM_001178175.1,38,40,232,234,3,CCG
NM_001178175.1,207,209,207,209,3,CTC
NM_001178175.1,14,16,32,34,3,CTC
NM_001178175.1,14,16,14,16,3,CTC
NM_001178175.1,32,34,32,34,3,CTC
NM_001178175.1,86,88,347,349,3,CTG
NM_001178175.1,101,103,174,176,3,CTG
NM_001178175.1,101,103,325,327,3,CTG
NM_001178175.1,101,103,241,243,3,CTG
NM_001178175.1,86,88,205,207,3,CTG
NM_001178175.1,286,288,325,327,3,CTG
NM_001178175.1,101,103,205,207,3,CTG
NM_001178175.1,286,288,347,349,3,CTG
NM_001178175.1,86,88,284,286,3,CTG
NM_001178175.1,101,103,284,286,3,CTG
NM_001178175.1,18,20,338,340,3,CTT
NM_001178175.1,219,221,338,340,3,CTT
NM_001178175.1,290,292,338,340,3,CTT
NM_001178175.1,26,28,338,340,3,CTT
NM_001178175.1,154,157,247,250,4,GAAA
NM_001178175.1,163,166,247,250,4,GAAA
NM_001178175.1,154,157,187,190,4,GAAA
NM_001178175.1,163,166,187,190,4,GAAA
NM_001178175.1,103,106,155,158,4,GAAA
NM_001178175.1,103,106,164,167,4,GAAA
NM_001178175.1,103,106,247,250,4,GAAA
NM_001178175.1,258,260,274,276,3,GTA
NM_001178175.1,67,69,274,276,3,GTA
NM_001178175.1,67,69,127,129,3,GTA
NM_001178175.1,148,150,253,255,3,GTA
NM_001178175.1,67,69,110,112,3,GTA
NM_001178175.1,258,260,280,282,3,GTA
NM_001178175.1,6,8,101,103,3,GTC
NM_001178175.1,78,80,335,337,3,GTC
NM_001178175.1,3,5,86,88,3,GTC
NM_001178175.1,174,176,335,337,3,GTC
NM_001178175.1,325,327,335,337,3,GTC
NM_001178175.1,6,8,335,337,3,GTC
NM_001178175.1,241,243,335,337,3,GTC
NM_001178175.1,72,74,86,88,3,GTC
NM_001178175.1,72,74,335,337,3,GTC
NM_001178175.1,78,80,286,288,3,GTC
NM_001178175.1,174,176,286,288,3,GTC
NM_001178175.1,6,8,286,288,3,GTC
NM_001178175.1,205,207,335,337,3,GTC
NM_001178175.1,3,5,286,288,3,GTC
NM_001178175.1,135,137,273,275,3,TAA
NM_001178175.1,195,197,273,275,3,TAA
NM_001178175.1,170,172,273,275,3,TAA
NM_001178175.1,75,77,235,237,3,TAA
NM_001178175.1,75,77,142,144,3,TAA
NM_001178175.1,75,77,273,275,3,TAA
NM_001178175.1,75,77,105,107,3,TAA
NM_001178175.1,222,224,235,237,3,TAA
NM_001178175.1,222,224,273,275,3,TAA
NM_001178175.1,125,127,273,275,3,TAA
NM_001178175.1,135,137,297,299,3,TAA
NM_001178175.1,195,197,297,299,3,TAA
NM_001178175.1,186,188,297,299,3,TAA
NM_001178175.1,144,146,297,299,3,TAA
NM_001178175.1,140,142,297,299,3,TAA
NM_001178175.1,135,137,318,320,3,TAA
NM_001178175.1,195,197,318,320,3,TAA
NM_001178175.1,186,188,318,320,3,TAA
NM_001178175.1,144,146,318,320,3,TAA
NM_001178175.1,140,142,318,320,3,TAA
NM_001178175.1,222,224,297,299,3,TAA
NM_001178175.1,170,172,297,299,3,TAA
NM_001178175.1,222,224,318,320,3,TAA
NM_001178175.1,170,172,318,320,3,TAA
NM_001178175.1,75,77,126,128,3,TAA
NM_001178175.1,95,97,252,254,3,TAC
NM_001178175.1,95,97,330,332,3,TAC
NM_001178175.1,95,97,177,179,3,TAC
NM_001178175.1,259,261,330,332,3,TAC
NM_001178175.1,68,70,330,332,3,TAC
NM_001178175.1,68,70,177,179,3,TAC
NM_001178175.1,95,97,303,305,3,TAC
NM_001178175.1,259,261,303,305,3,TAC
NM_001178175.1,68,70,303,305,3,TAC
NM_001178175.1,114,116,300,302,3,TAC
NM_001178175.1,114,116,321,323,3,TAC
NM_001178175.1,12,14,138,140,3,TAC
NM_001178175.1,259,261,300,302,3,TAC
NM_001178175.1,68,70,300,302,3,TAC
NM_001178175.1,259,261,321,323,3,TAC
NM_001178175.1,68,70,321,323,3,TAC
NM_001178175.1,12,14,252,254,3,TAC
NM_001178175.1,12,14,330,332,3,TAC
NM_001178175.1,12,14,177,179,3,TAC
NM_001178175.1,305,307,305,307,3,TAT
NM_001178175.1,35,37,305,307,3,TAT
NM_001178175.1,28,30,35,37,3,TAT
NM_001178175.1,28,30,28,30,3,TAT
NM_001178175.1,48,50,71,73,3,TGA
NM_001178175.1,21,23,147,149,3,TGA
NM_001178175.1,21,23,77,79,3,TGA
NM_001178175.1,102,104,294,296,3,TGA
NM_001178175.1,162,164,294,296,3,TGA
NM_001178175.1,21,23,294,296,3,TGA
NM_001178175.1,180,182,294,296,3,TGA
NM_001178175.1,48,50,346,348,3,TGA
NM_001178175.1,275,277,346,348,3,TGA
NM_001178175.1,162,164,346,348,3,TGA
NM_001178175.1,21,23,346,348,3,TGA
NM_001178175.1,180,182,346,348,3,TGA
NM_001178175.1,108,110,147,149,3,TGA
NM_001178175.1,128,130,346,348,3,TGA
NM_001180140.1,71,78,109,116,8,AAAAGTTG
NM_001180140.1,91,93,154,156,3,AAC
NM_001180140.1,91,93,177,179,3,AAC
NM_001180140.1,278,285,278,285,8,AAGAAGAA
NM_001180140.1,263,270,278,285,8,AAGAAGAA
NM_001180140.1,266,273,278,285,8,AAGAAGAA
NM_001180140.1,296,298,296,298,3,ACA
NM_001180140.1,167,169,176,178,3,ACT
NM_001180140.1,82,84,176,178,3,ACT
NM_001180140.1,7,9,182,184,3,ACT
NM_001180140.1,88,90,176,178,3,ACT
NM_001180140.1,47,49,176,178,3,ACT
NM_001180140.1,74,82,74,82,9,AGTTGTTGA
NM_001180140.1,37,39,169,171,3,ATT
NM_001180140.1,154,156,178,180,3,CAA
NM_001180140.1,99,101,178,180,3,CAA
NM_001180140.1,99,101,157,159,3,CAA
NM_001180140.1,201,203,201,203,3,CCC
NM_001180140.1,105,107,201,203,3,CCC
NM_001180140.1,105,107,105,107,3,CCC
NM_001180140.1,200,202,200,202,3,CCC
NM_001180140.1,105,107,200,202,3,CCC
NM_001180140.1,32,34,104,106,3,CCT
NM_001180140.1,186,190,211,215,5,CGCTG
NM_001180140.1,186,190,223,227,5,CGCTG
NM_001180140.1,93,97,211,215,5,CGCTG
NM_001180140.1,93,97,223,227,5,CGCTG
NM_001180140.1,48,50,48,50,3,CTC
NM_001180140.1,95,97,175,177,3,CTG
NM_001180140.1,44,46,175,177,3,CTG
NM_001180140.1,125,127,175,177,3,CTG
NM_001180140.1,68,70,175,177,3,CTG
NM_001180140.1,50,52,175,177,3,CTG
NM_001180140.1,8,10,103,105,3,CTG
NM_001180140.1,95,97,103,105,3,CTG
NM_001180140.1,44,46,103,105,3,CTG
NM_001180140.1,68,70,103,105,3,CTG
NM_001180140.1,50,52,103,105,3,CTG
NM_001180140.1,8,10,211,213,3,CTG
NM_001180140.1,8,10,223,225,3,CTG
NM_001180140.1,120,122,211,213,3,CTG
NM_001180140.1,68,70,211,213,3,CTG
NM_001180140.1,50,52,211,213,3,CTG
NM_001180140.1,120,122,223,225,3,CTG
NM_001180140.1,68,70,223,225,3,CTG
NM_001180140.1,50,52,223,225,3,CTG
NM_001180140.1,8,10,21,23,3,CTG
NM_001180140.1,52,60,272,280,9,GAAATCGAA
NM_001180140.1,262,274,262,274,13,GAAGAAGAAGAAG
NM_001180140.1,268,274,268,274,7,GAAGAAG
NM_001180140.1,262,268,262,268,7,GAAGAAG
NM_001180140.1,244,253,244,253,10,GAAGCCGAAG
NM_001180140.1,271,274,271,274,4,GAAG
NM_001180140.1,250,253,280,283,4,GAAG
NM_001180140.1,250,253,268,271,4,GAAG
NM_001180140.1,250,253,265,268,4,GAAG
NM_001180140.1,244,247,280,283,4,GAAG
NM_001180140.1,244,247,268,271,4,GAAG
NM_001180140.1,244,247,265,268,4,GAAG
NM_001180140.1,235,238,280,283,4,GAAG
NM_001180140.1,235,238,268,271,4,GAAG
NM_001180140.1,235,238,265,268,4,GAAG
NM_001180140.1,244,247,271,274,4,GAAG
NM_001180140.1,235,238,271,274,4,GAAG
NM_001180140.1,250,253,262,265,4,GAAG
NM_001180140.1,262,265,262,265,4,GAAG
NM_001180140.1,244,247,262,265,4,GAAG
NM_001180140.1,235,238,262,265,4,GAAG
NM_001180140.1,162,165,280,283,4,GAAG
NM_001180140.1,162,165,268,271,4,GAAG
NM_001180140.1,162,165,265,268,4,GAAG
NM_001180140.1,162,165,250,253,4,GAAG
NM_001180140.1,162,165,271,274,4,GAAG
NM_001180140.1,162,165,244,247,4,GAAG
NM_001180140.1,244,247,244,247,4,GAAG
NM_001180140.1,235,238,244,247,4,GAAG
NM_001180140.1,162,165,235,238,4,GAAG
NM_001180140.1,235,238,235,238,4,GAAG
NM_001180140.1,162,165,162,165,4,GAAG
NM_001180140.1,185,187,185,187,3,GCG
NM_001180140.1,205,208,211,214,4,GCTG
NM_001180140.1,205,208,223,226,4,GCTG
NM_001180140.1,43,46,211,214,4,GCTG
NM_001180140.1,124,127,211,214,4,GCTG
NM_001180140.1,43,46,223,226,4,GCTG
NM_001180140.1,124,127,223,226,4,GCTG
NM_001180140.1,196,199,211,214,4,GCTG
NM_001180140.1,193,196,211,214,4,GCTG
NM_001180140.1,196,199,223,226,4,GCTG
NM_001180140.1,193,196,223,226,4,GCTG
NM_001180140.1,141,148,301,308,8,GGCTTTGG
NM_001180140.1,122,124,122,124,3,GGG
NM_001180140.1,241,243,299,301,3,GGT
NM_001180140.1,232,234,299,301,3,GGT
NM_001180140.1,190,192,299,301,3,GGT
NM_001180140.1,229,231,299,301,3,GGT
NM_001180140.1,217,219,299,301,3,GGT
NM_001180140.1,220,222,299,301,3,GGT
NM_001180140.1,208,210,299,301,3,GGT
NM_001180140.1,174,176,299,301,3,GGT
NM_001180140.1,211,217,211,217,7,GTCGCTG
NM_001180140.1,223,229,223,229,7,GTCGCTG
NM_001180140.1,211,217,223,229,7,GTCGCTG
NM_001180140.1,230,235,230,235,6,GTGGTG
NM_001180140.1,218,223,230,235,6,GTGGTG
NM_001180140.1,218,223,218,223,6,GTGGTG
NM_001180140.1,308,316,308,316,9,GTTTATTTG
NM_001180140.1,69,76,69,76,8,TGAAAAGT
NM_001180140.1,173,177,206,210,5,TGGTC
NM_001180140.1,173,177,188,192,5,TGGTC
NM_001180140.1,173,177,215,219,5,TGGTC
NM_001180140.1,173,177,227,231,5,TGGTC
NM_001180140.1,228,234,228,234,7,TGGTGGT
NM_001180140.1,216,222,216,222,7,TGGTGGT
NM_001180140.1,216,222,228,234,7,TGGTGGT
NM_001180140.1,24,26,37,39,3,TTA
NM_001180140.1,24,26,171,173,3,TTA
NM_001180140.1,24,26,130,132,3,TTA
NM_001180140.1,24,26,312,314,3,TTA
NM_001180140.1,160,162,308,310,3,TTG
NM_001180140.1,34,36,308,310,3,TTG
NM_001180140.1,160,162,302,304,3,TTG
NM_001180140.1,34,36,302,304,3,TTG
NM_001180140.1,40,42,75,77,3,TTG
NM_001180140.1,40,42,109,111,3,TTG
NM_001180140.1,110,112,308,310,3,TTG
NM_001180140.1,79,81,308,310,3,TTG
NM_001180140.1,110,112,302,304,3,TTG
NM_001180140.1,79,81,302,304,3,TTG
NM_001180140.1,34,36,78,80,3,TTG
NM_001180140.1,40,42,78,80,3,TTG
NM_001180140.1,76,78,308,310,3,TTG
NM_001180140.1,76,78,302,304,3,TTG
NM_001180140.1,19,21,75,77,3,TTG
NM_001180140.1,19,21,109,111,3,TTG
NM_001181829.1,86,90,133,137,5,AAAAG
NM_001181829.1,33,36,54,57,4,AAAC
NM_001181829.1,33,36,162,165,4,AAAC
NM_001181829.1,55,58,162,165,4,AAAC
NM_001181829.1,8,11,203,206,4,AAAC
NM_001181829.1,8,11,54,57,4,AAAC
NM_001181829.1,33,36,203,206,4,AAAC
NM_001181829.1,55,58,203,206,4,AAAC
NM_001181829.1,19,22,203,206,4,AAAC
NM_001181829.1,20,30,20,30,11,AACAAGAACAA
NM_001181829.1,34,36,124,126,3,AAC
NM_001181829.1,56,58,124,126,3,AAC
NM_001181829.1,20,22,197,199,3,AAC
NM_001181829.1,26,28,203,205,3,AAC
NM_001181829.1,34,36,141,143,3,AAC
NM_001181829.1,56,58,141,143,3,AAC
NM_001181829.1,20,22,141,143,3,AAC
NM_001181829.1,9,11,141,143,3,AAC
NM_001181829.1,9,11,197,199,3,AAC
NM_001181829.1,9,11,22,24,3,AAC
NM_001181829.1,9,11,28,30,3,AAC
NM_001181829.1,9,11,124,126,3,AAC
NM_001181829.1,9,11,15,17,3,AAC
NM_001181829.1,34,36,117,119,3,AAC
NM_001181829.1,56,58,117,119,3,AAC
NM_001181829.1,20,22,117,119,3,AAC
NM_001181829.1,26,28,117,119,3,AAC
NM_001181829.1,23,33,23,33,11,AAGAACAAGAA
NM_001181829.1,29,33,29,33,5,AAGAA
NM_001181829.1,16,20,29,33,5,AAGAA
NM_001181829.1,16,20,16,20,5,AAGAA
NM_001181829.1,14,20,23,29,7,ACAAGAA
NM_001181829.1,17,23,161,167,7,AGAAACA
NM_001181829.1,89,95,89,95,7,AGGAGGA
NM_001181829.1,167,169,173,175,3,AGT
NM_001181829.1,44,46,132,134,3,AGT
NM_001181829.1,44,46,173,175,3,AGT
NM_001181829.1,44,46,153,155,3,AGT
NM_001181829.1,28,30,34,36,3,CAA
NM_001181829.1,28,30,56,58,3,CAA
NM_001181829.1,15,17,34,36,3,CAA
NM_001181829.1,15,17,56,58,3,CAA
NM_001181829.1,22,24,34,36,3,CAA
NM_001181829.1,22,24,56,58,3,CAA
NM_001181829.1,111,117,111,117,7,CTTATTC
NM_001181829.1,85,90,85,90,6,GAAAAG
NM_001181829.1,85,90,154,159,6,GAAAAG
NM_001181829.1,47,53,92,98,7,GCGAGGA
NM_001181829.1,132,135,191,194,4,TGAA
NM_001181829.1,6,9,191,194,4,TGAA
NM_001181829.1,173,176,198,201,4,TGAA
NM_001181829.1,132,135,198,201,4,TGAA
NM_001181829.1,6,9,198,201,4,TGAA
NM_001181829.1,153,156,198,201,4,TGAA
NM_001181829.1,69,75,69,75,7,TTGCGTT
NM_001184149.1,102,104,102,104,3,AAA
NM_001184149.1,102,104,252,254,3,AAA
NM_001184149.1,102,104,198,200,3,AAA
NM_001184149.1,102,104,126,128,3,AAA
NM_001184149.1,101,103,101,103,3,AAA
NM_001184149.1,198,200,252,254,3,AAA
NM_001184149.1,198,200,198,200,3,AAA
NM_001184149.1,101,103,251,253,3,AAA
NM_001184149.1,197,199,251,253,3,AAA
NM_001184149.1,251,253,251,253,3,AAA
NM_001184149.1,125,127,251,253,3,AAA
NM_001184149.1,101,103,197,199,3,AAA
NM_001184149.1,197,199,197,199,3,AAA
NM_001184149.1,125,127,197,199,3,AAA
NM_001184149.1,252,254,252,254,3,AAA
NM_001184149.1,101,103,125,127,3,AAA
NM_001184149.1,125,127,125,127,3,AAA
NM_001184149.1,39,41,102,104,3,AAA
NM_001184149.1,39,41,54,56,3,AAA
NM_001184149.1,39,41,126,128,3,AAA
NM_001184149.1,126,128,252,254,3,AAA
NM_001184149.1,126,128,198,200,3,AAA
NM_001184149.1,126,128,126,128,3,AAA
NM_001184149.1,54,56,101,103,3,AAA
NM_001184149.1,54,56,251,253,3,AAA
NM_001184149.1,54,56,197,199,3,AAA
NM_001184149.1,54,56,125,127,3,AAA
NM_001184149.1,54,56,252,254,3,AAA
NM_001184149.1,54,56,198,200,3,AAA
NM_001184149.1,54,56,54,56,3,AAA
NM_001184149.1,54,56,126,128,3,AAA
NM_001184149.1,22,28,41,47,7,AAGAAGA
NM_001184149.1,64,68,169,173,5,AAGAG
NM_001184149.1,12,16,169,173,5,AAGAG
NM_001184149.1,41,47,232,238,7,AGAAGAA
NM_001184149.1,26,31,235,240,6,AGAGAA
NM_001184149.1,13,18,235,240,6,AGAGAA
NM_001184149.1,112,114,207,209,3,ATT
NM_001184149.1,141,143,259,261,3,ATT
NM_001184149.1,84,86,208,210,3,CAT
NM_001184149.1,10,20,10,20,11,CCAAGAGAACC
NM_001184149.1,19,24,244,249,6,CCTAAG
NM_001184149.1,61,66,244,249,6,CCTAAG
NM_001184149.1,182,184,182,184,3,CTC
NM_001184149.1,196,201,196,201,6,GAAAAG
NM_001184149.1,250,255,250,255,6,GAAAAG
NM_001184149.1,24,29,169,174,6,GAAGAG
NM_001184149.1,169,174,234,239,6,GAGAAG
NM_001184149.1,193,202,249,258,10,GAGGAAAAGC
NM_001184149.1,68,70,68,70,3,GGG
NM_001184149.1,68,70,165,167,3,GGG
NM_001184149.1,4,6,122,124,3,GTC
NM_001184149.1,75,77,122,124,3,GTC
NM_001184149.1,174,176,174,176,3,GTG
NM_001184149.1,167,169,167,169,3,GTG
NM_001184149.1,36,38,229,231,3,TAG
NM_001184149.1,57,59,118,120,3,TGC
NM_001184149.1,86,88,86,88,3,TGT
NM_001184149.1,74,76,74,76,3,TGT
NM_001184438.1,65,76,65,76,12,AAAGTGGTGAAA
NM_001184438.1,54,57,64,67,4,AAAG
NM_001184438.1,54,57,73,76,4,AAAG
NM_001184438.1,132,135,146,149,4,AAGA
NM_001184438.1,34,37,146,149,4,AAGA
NM_001184438.1,126,129,146,149,4,AAGA
NM_001184438.1,66,69,143,146,4,AAGT
NM_001184438.1,37,40,145,148,4,AGAA
NM_001184438.1,37,40,126,129,4,AGAA
NM_001184438.1,15,18,90,93,4,CACT
NM_001184438.1,15,18,59,62,4,CACT
NM_001184438.1,15,18,77,80,4,CACT
NM_001184438.1,110,114,110,114,5,CAGAC
NM_001184438.1,26,30,26,30,5,CAGAC
NM_001184438.1,26,30,110,114,5,CAGAC
NM_001184438.1,73,76,131,134,4,GAAA
NM_001184438.1,64,67,131,134,4,GAAA
NM_001184438.1,51,54,131,134,4,GAAA
NM_001184438.1,144,147,144,147,4,GAAG
NM_001184438.1,81,84,147,150,4,GAAG
NM_001184438.1,81,84,81,84,4,GAAG
NM_001184438.1,72,75,82,85,4,TGAA
NM_001184438.1,50,53,82,85,4,TGAA
NM_001184438.1,69,72,161,164,4,TGGT
NM_001184438.1,69,72,156,159,4,TGGT
NM_001184438.1,161,164,161,164,4,TGGT
NM_001179952.1,18,22,181,185,5,AAAAG
NM_001179952.1,18,22,31,35,5,AAAAG
NM_001179952.1,65,69,181,185,5,AAAAG
NM_001179952.1,134,138,319,323,5,AACCA
NM_001179952.1,230,234,278,282,5,AAGCT
NM_001179952.1,35,39,278,282,5,AAGCT
NM_001179952.1,44,48,278,282,5,AAGCT
NM_001179952.1,20,24,89,93,5,AAGGA
NM_001179952.1,67,71,77,81,5,AAGTC
NM_001179952.1,67,71,200,204,5,AAGTC
NM_001179952.1,227,231,318,322,5,ACCAA
NM_001179952.1,170,172,188,190,3,ACG
NM_001179952.1,8,10,188,190,3,ACG
NM_001179952.1,74,76,188,190,3,ACG
NM_001179952.1,197,199,223,225,3,ACG
NM_001179952.1,170,172,223,225,3,ACG
NM_001179952.1,74,76,223,225,3,ACG
NM_001179952.1,59,61,207,209,3,ACT
NM_001179952.1,173,175,207,209,3,ACT
NM_001179952.1,59,61,70,72,3,ACT
NM_001179952.1,100,102,132,134,3,ACT
NM_001179952.1,59,61,132,134,3,ACT
NM_001179952.1,59,61,98,100,3,ACT
NM_001179952.1,138,142,307,311,5,AGAAG
NM_001179952.1,89,93,190,194,5,AGGAA
NM_001179952.1,216,218,233,235,3,ATC
NM_001179952.1,97,99,233,235,3,ATC
NM_001179952.1,24,26,240,242,3,ATT
NM_001179952.1,261,270,261,270,10,CAAGTTGAAC
NM_001179952.1,255,259,266,270,5,CAAGT
NM_001179952.1,137,144,137,144,8,CAGAAGAC
NM_001179952.1,224,228,224,228,5,CAGAC
NM_001179952.1,56,60,56,60,5,CAGAC
NM_001179952.1,136,143,309,316,8,CCAGAAGA
NM_001179952.1,179,181,253,255,3,CCG
NM_001179952.1,110,112,253,255,3,CCG
NM_001179952.1,75,79,118,122,5,CGCTG
NM_001179952.1,200,204,256,260,5,CTGAA
NM_001179952.1,41,45,256,260,5,CTGAA
NM_001179952.1,41,45,67,71,5,CTGAA
NM_001179952.1,47,51,286,290,5,CTTTG
NM_001179952.1,218,222,286,290,5,CTTTG
NM_001179952.1,31,38,180,187,8,GAAAAAGC
NM_001179952.1,79,83,113,117,5,GAACA
NM_001179952.1,79,83,104,108,5,GAACA
NM_001179952.1,139,143,323,327,5,GAAGA
NM_001179952.1,310,314,323,327,5,GAAGA
NM_001179952.1,248,250,248,250,3,GAG
NM_001179952.1,236,238,248,250,3,GAG
NM_001179952.1,10,12,170,172,3,GCA
NM_001179952.1,10,12,269,271,3,GCA
NM_001179952.1,10,12,302,304,3,GCA
NM_001179952.1,223,225,269,271,3,GCA
NM_001179952.1,109,113,249,253,5,GCCGA
NM_001179952.1,178,182,249,253,5,GCCGA
NM_001179952.1,37,39,119,121,3,GCT
NM_001179952.1,46,48,119,121,3,GCT
NM_001179952.1,37,39,294,296,3,GCT
NM_001179952.1,46,48,294,296,3,GCT
NM_001179952.1,232,234,294,296,3,GCT
NM_001179952.1,22,24,186,188,3,GGA
NM_001179952.1,22,24,107,109,3,GGA
NM_001179952.1,22,24,149,151,3,GGA
NM_001179952.1,192,194,210,212,3,GGA
NM_001179952.1,192,194,204,206,3,GGA
NM_001179952.1,22,24,84,86,3,GGA
NM_001179952.1,22,24,116,118,3,GGA
NM_001179952.1,22,24,162,164,3,GGA
NM_001179952.1,22,24,210,212,3,GGA
NM_001179952.1,22,24,204,206,3,GGA
NM_001179952.1,22,24,128,130,3,GGA
NM_001179952.1,246,248,246,248,3,GGG
NM_001179952.1,150,152,150,152,3,GGG
NM_001179952.1,118,122,198,202,5,GTCGC
NM_001179952.1,87,94,87,94,8,TAAGGAAT
NM_001179952.1,94,98,94,98,5,TACAT
NM_001179952.1,94,98,241,245,5,TACAT
NM_001179952.1,241,245,241,245,5,TACAT
NM_001179952.1,283,285,283,285,3,TAT
NM_001179952.1,63,65,100,102,3,TCA
NM_001179952.1,98,100,173,175,3,TCA
NM_001179952.1,132,134,173,175,3,TCA
NM_001179952.1,70,72,173,175,3,TCA
NM_001179952.1,119,121,232,234,3,TCG
NM_001179952.1,26,28,232,234,3,TCG
NM_001179952.1,26,28,199,201,3,TCG
NM_001179952.1,26,28,76,78,3,TCG
NM_001179952.1,26,28,121,123,3,TCG
NM_001179952.1,78,82,261,265,5,TGAAC
NM_001179952.1,273,275,295,297,3,TGC
NM_001179952.1,177,179,295,297,3,TGC
NM_001180463.1,49,51,240,242,3,AAC
NM_001180463.1,49,51,85,87,3,AAC
NM_001180463.1,21,23,240,242,3,AAC
NM_001180463.1,145,147,240,242,3,AAC
NM_001180463.1,21,23,85,87,3,AAC
NM_001180463.1,241,243,359,361,3,AAC
NM_001180463.1,217,219,240,242,3,AAC
NM_001180463.1,31,33,240,242,3,AAC
NM_001180463.1,31,33,85,87,3,AAC
NM_001180463.1,49,51,307,309,3,AAC
NM_001180463.1,229,231,307,309,3,AAC
NM_001180463.1,86,88,307,309,3,AAC
NM_001180463.1,217,219,307,309,3,AAC
NM_001180463.1,31,33,307,309,3,AAC
NM_001180463.1,49,51,183,185,3,AAC
NM_001180463.1,184,186,307,309,3,AAC
NM_001180463.1,184,186,359,361,3,AAC
NM_001180463.1,21,23,183,185,3,AAC
NM_001180463.1,145,147,183,185,3,AAC
NM_001180463.1,31,33,183,185,3,AAC
NM_001180463.1,49,51,387,389,3,AAC
NM_001180463.1,241,243,387,389,3,AAC
NM_001180463.1,229,231,387,389,3,AAC
NM_001180463.1,86,88,387,389,3,AAC
NM_001180463.1,217,219,387,389,3,AAC
NM_001180463.1,31,33,387,389,3,AAC
NM_001180463.1,49,51,262,264,3,AAC
NM_001180463.1,241,243,262,264,3,AAC
NM_001180463.1,229,231,262,264,3,AAC
NM_001180463.1,86,88,262,264,3,AAC
NM_001180463.1,21,23,262,264,3,AAC
NM_001180463.1,145,147,262,264,3,AAC
NM_001180463.1,49,51,228,230,3,AAC
NM_001180463.1,21,23,228,230,3,AAC
NM_001180463.1,145,147,228,230,3,AAC
NM_001180463.1,217,219,228,230,3,AAC
NM_001180463.1,31,33,228,230,3,AAC
NM_001180463.1,49,51,288,290,3,AAC
NM_001180463.1,184,186,288,290,3,AAC
NM_001180463.1,241,243,288,290,3,AAC
NM_001180463.1,229,231,288,290,3,AAC
NM_001180463.1,86,88,288,290,3,AAC
NM_001180463.1,217,219,288,290,3,AAC
NM_001180463.1,31,33,288,290,3,AAC
NM_001180463.1,49,51,112,114,3,AAC
NM_001180463.1,86,88,112,114,3,AAC
NM_001180463.1,21,23,112,114,3,AAC
NM_001180463.1,268,271,350,353,4,AAGA
NM_001180463.1,18,21,143,146,4,AAGA
NM_001180463.1,308,311,389,392,4,AAGA
NM_001180463.1,308,311,347,350,4,AAGA
NM_001180463.1,308,311,350,353,4,AAGA
NM_001180463.1,218,220,218,220,3,ACA
NM_001180463.1,50,52,50,52,3,ACA
NM_001180463.1,50,52,218,220,3,ACA
NM_001180463.1,32,34,50,52,3,ACA
NM_001180463.1,32,34,32,34,3,ACA
NM_001180463.1,32,34,218,220,3,ACA
NM_001180463.1,218,220,230,232,3,ACA
NM_001180463.1,50,52,87,89,3,ACA
NM_001180463.1,50,52,230,232,3,ACA
NM_001180463.1,50,52,146,148,3,ACA
NM_001180463.1,32,34,87,89,3,ACA
NM_001180463.1,32,34,230,232,3,ACA
NM_001180463.1,32,34,146,148,3,ACA
NM_001180463.1,22,24,50,52,3,ACA
NM_001180463.1,22,24,32,34,3,ACA
NM_001180463.1,22,24,218,220,3,ACA
NM_001180463.1,236,238,358,360,3,ACA
NM_001180463.1,358,360,358,360,3,ACA
NM_001180463.1,22,24,22,24,3,ACA
NM_001180463.1,22,24,87,89,3,ACA
NM_001180463.1,22,24,230,232,3,ACA
NM_001180463.1,22,24,146,148,3,ACA
NM_001180463.1,218,220,236,238,3,ACA
NM_001180463.1,50,52,236,238,3,ACA
NM_001180463.1,32,34,236,238,3,ACA
NM_001180463.1,236,238,236,238,3,ACA
NM_001180463.1,230,232,236,238,3,ACA
NM_001180463.1,87,89,236,238,3,ACA
NM_001180463.1,87,89,218,220,3,ACA
NM_001180463.1,146,148,236,238,3,ACA
NM_001180463.1,146,148,218,220,3,ACA
NM_001180463.1,230,232,230,232,3,ACA
NM_001180463.1,87,89,87,89,3,ACA
NM_001180463.1,87,89,230,232,3,ACA
NM_001180463.1,87,89,146,148,3,ACA
NM_001180463.1,146,148,230,232,3,ACA
NM_001180463.1,146,148,146,148,3,ACA
NM_001180463.1,22,24,397,399,3,ACA
NM_001180463.1,218,220,397,399,3,ACA
NM_001180463.1,50,52,397,399,3,ACA
NM_001180463.1,32,34,397,399,3,ACA
NM_001180463.1,236,238,397,399,3,ACA
NM_001180463.1,358,360,397,399,3,ACA
NM_001180463.1,238,240,306,308,3,ACC
NM_001180463.1,220,222,306,308,3,ACC
NM_001180463.1,40,42,84,86,3,ACC
NM_001180463.1,40,42,306,308,3,ACC
NM_001180463.1,172,174,306,308,3,ACC
NM_001180463.1,163,165,306,308,3,ACC
NM_001180463.1,238,240,326,328,3,ACC
NM_001180463.1,220,222,326,328,3,ACC
NM_001180463.1,40,42,71,73,3,ACC
NM_001180463.1,40,42,298,300,3,ACC
NM_001180463.1,172,174,298,300,3,ACC
NM_001180463.1,163,165,298,300,3,ACC
NM_001180463.1,40,42,377,379,3,ACC
NM_001180463.1,172,174,377,379,3,ACC
NM_001180463.1,163,165,377,379,3,ACC
NM_001180463.1,242,244,298,300,3,ACC
NM_001180463.1,242,244,377,379,3,ACC
NM_001180463.1,242,244,326,328,3,ACC
NM_001180463.1,40,42,338,340,3,ACC
NM_001180463.1,172,174,338,340,3,ACC
NM_001180463.1,163,165,338,340,3,ACC
NM_001180463.1,238,240,248,250,3,ACC
NM_001180463.1,220,222,248,250,3,ACC
NM_001180463.1,40,42,248,250,3,ACC
NM_001180463.1,172,174,248,250,3,ACC
NM_001180463.1,163,165,248,250,3,ACC
NM_001180463.1,238,240,254,256,3,ACC
NM_001180463.1,220,222,254,256,3,ACC
NM_001180463.1,347,352,347,352,6,AGAAGA
NM_001180463.1,16,21,347,352,6,AGAAGA
NM_001180463.1,16,21,16,21,6,AGAAGA
NM_001180463.1,269,272,281,284,4,AGAG
NM_001180463.1,278,281,346,349,4,AGAG
NM_001180463.1,269,272,279,282,4,AGAG
NM_001180463.1,280,283,346,349,4,AGAG
NM_001180463.1,280,283,355,358,4,AGAG
NM_001180463.1,122,125,136,139,4,AGAG
NM_001180463.1,122,125,142,145,4,AGAG
NM_001180463.1,122,125,346,349,4,AGAG
NM_001180463.1,122,125,355,358,4,AGAG
NM_001180463.1,122,125,281,284,4,AGAG
NM_001180463.1,157,159,192,194,3,AGT
NM_001180463.1,373,375,408,410,3,AGT
NM_001180463.1,85,87,393,395,3,CAA
NM_001180463.1,240,242,393,395,3,CAA
NM_001180463.1,183,185,393,395,3,CAA
NM_001180463.1,85,87,145,147,3,CAA
NM_001180463.1,359,361,393,395,3,CAA
NM_001180463.1,307,309,393,395,3,CAA
NM_001180463.1,387,389,393,395,3,CAA
NM_001180463.1,85,87,217,219,3,CAA
NM_001180463.1,183,185,217,219,3,CAA
NM_001180463.1,262,264,393,395,3,CAA
NM_001180463.1,112,114,145,147,3,CAA
NM_001180463.1,112,114,229,231,3,CAA
NM_001180463.1,112,114,241,243,3,CAA
NM_001180463.1,112,114,184,186,3,CAA
NM_001180463.1,237,240,298,301,4,CACC
NM_001180463.1,219,222,298,301,4,CACC
NM_001180463.1,237,240,377,380,4,CACC
NM_001180463.1,219,222,377,380,4,CACC
NM_001180463.1,299,302,338,341,4,CACC
NM_001180463.1,237,240,338,341,4,CACC
NM_001180463.1,219,222,338,341,4,CACC
NM_001180463.1,222,224,357,359,3,CAG
NM_001180463.1,249,251,357,359,3,CAG
NM_001180463.1,222,224,310,312,3,CAG
NM_001180463.1,222,224,283,285,3,CAG
NM_001180463.1,249,251,310,312,3,CAG
NM_001180463.1,249,251,283,285,3,CAG
NM_001180463.1,76,78,357,359,3,CAG
NM_001180463.1,277,279,342,344,3,CAG
NM_001180463.1,76,78,310,312,3,CAG
NM_001180463.1,76,78,283,285,3,CAG
NM_001180463.1,177,179,357,359,3,CAG
NM_001180463.1,23,25,342,344,3,CAG
NM_001180463.1,23,25,310,312,3,CAG
NM_001180463.1,23,25,283,285,3,CAG
NM_001180463.1,177,179,199,201,3,CAG
NM_001180463.1,331,333,357,359,3,CAG
NM_001180463.1,331,333,342,344,3,CAG
NM_001180463.1,23,25,100,102,3,CAG
NM_001180463.1,23,25,193,195,3,CAG
NM_001180463.1,177,179,193,195,3,CAG
NM_001180463.1,41,44,299,302,4,CCAC
NM_001180463.1,41,44,378,381,4,CCAC
NM_001180463.1,71,74,219,222,4,CCAC
NM_001180463.1,71,74,237,240,4,CCAC
NM_001180463.1,71,74,299,302,4,CCAC
NM_001180463.1,338,341,378,381,4,CCAC
NM_001180463.1,317,320,323,326,4,CCGC
NM_001180463.1,188,191,323,326,4,CCGC
NM_001180463.1,188,191,303,306,4,CCGC
NM_001180463.1,206,209,323,326,4,CCGC
NM_001180463.1,206,209,303,306,4,CCGC
NM_001180463.1,302,305,402,405,4,CCGC
NM_001180463.1,317,320,402,405,4,CCGC
NM_001180463.1,225,227,247,249,3,CCT
NM_001180463.1,55,57,247,249,3,CCT
NM_001180463.1,55,57,253,255,3,CCT
NM_001180463.1,55,57,337,339,3,CCT
NM_001180463.1,186,191,318,323,6,CGCCGC
NM_001180463.1,186,191,186,191,6,CGCCGC
NM_001180463.1,318,323,318,323,6,CGCCGC
NM_001180463.1,197,199,385,387,3,CGG
NM_001180463.1,344,346,382,384,3,CGG
NM_001180463.1,180,182,213,215,3,CGG
NM_001180463.1,197,199,213,215,3,CGG
NM_001180463.1,6,8,308,310,3,GAA
NM_001180463.1,6,8,388,390,3,GAA
NM_001180463.1,6,8,360,362,3,GAA
NM_001180463.1,6,8,289,291,3,GAA
NM_001180463.1,17,19,360,362,3,GAA
NM_001180463.1,348,350,360,362,3,GAA
NM_001180463.1,138,140,360,362,3,GAA
NM_001180463.1,351,353,360,362,3,GAA
NM_001180463.1,17,19,289,291,3,GAA
NM_001180463.1,138,140,289,291,3,GAA
NM_001180463.1,6,8,349,351,3,GAA
NM_001180463.1,6,8,18,20,3,GAA
NM_001180463.1,20,22,352,354,3,GAA
NM_001180463.1,144,146,352,354,3,GAA
NM_001180463.1,20,22,139,141,3,GAA
NM_001180463.1,6,8,352,354,3,GAA
NM_001180463.1,6,8,139,141,3,GAA
NM_001180463.1,168,170,349,351,3,GAA
NM_001180463.1,168,170,308,310,3,GAA
NM_001180463.1,168,170,388,390,3,GAA
NM_001180463.1,168,170,268,270,3,GAA
NM_001180463.1,168,170,360,362,3,GAA
NM_001180463.1,168,170,352,354,3,GAA
NM_001180463.1,168,170,289,291,3,GAA
NM_001180463.1,199,201,222,224,3,GAC
NM_001180463.1,199,201,249,251,3,GAC
NM_001180463.1,100,102,222,224,3,GAC
NM_001180463.1,100,102,249,251,3,GAC
NM_001180463.1,193,195,222,224,3,GAC
NM_001180463.1,193,195,249,251,3,GAC
NM_001180463.1,235,237,277,279,3,GAC
NM_001180463.1,199,201,277,279,3,GAC
NM_001180463.1,100,102,277,279,3,GAC
NM_001180463.1,193,195,277,279,3,GAC
NM_001180463.1,100,102,177,179,3,GAC
NM_001180463.1,235,237,331,333,3,GAC
NM_001180463.1,100,102,331,333,3,GAC
NM_001180463.1,193,195,331,333,3,GAC
NM_001180463.1,142,145,278,281,4,GAGA
NM_001180463.1,136,139,278,281,4,GAGA
NM_001180463.1,142,145,280,283,4,GAGA
NM_001180463.1,136,139,280,283,4,GAGA
NM_001180463.1,121,124,278,281,4,GAGA
NM_001180463.1,187,192,401,406,6,GCCGCT
NM_001180463.1,205,210,401,406,6,GCCGCT
NM_001180463.1,181,183,197,199,3,GGC
NM_001180463.1,213,215,381,383,3,GGC
NM_001180463.1,213,215,344,346,3,GGC
NM_001180463.1,213,215,384,386,3,GGC
NM_001180463.1,291,293,291,293,3,GGG
NM_001180463.1,58,60,58,60,3,GTG
NM_001180463.1,211,213,211,213,3,GTG
NM_001180463.1,58,60,211,213,3,GTG
NM_001180463.1,368,370,368,370,3,GTG
NM_001180463.1,374,376,374,376,3,GTG
NM_001180463.1,368,370,374,376,3,GTG
NM_001180463.1,211,213,374,376,3,GTG
NM_001180463.1,58,60,374,376,3,GTG
NM_001180463.1,171,176,171,176,6,TACCAT
NM_001180463.1,162,167,162,167,6,TACCAT
NM_001180463.1,129,131,129,131,3,TAT
NM_001180463.1,257,259,257,259,3,TAT
NM_001180463.1,150,152,257,259,3,TAT
NM_001180463.1,129,131,257,259,3,TAT
NM_001180463.1,99,101,157,159,3,TGA
NM_001180463.1,135,137,373,375,3,TGA
NM_001180463.1,5,7,373,375,3,TGA
NM_001180463.1,167,169,373,375,3,TGA
NM_001180463.1,99,101,373,375,3,TGA
NM_001180463.1,192,194,373,375,3,TGA
NM_001180463.1,275,287,275,287,13,TTCAGAGAGACTT
NM_001178771.1,14,16,148,150,3,AAA
NM_001178771.1,14,16,46,48,3,AAA
NM_001178771.1,14,16,235,237,3,AAA
NM_001178771.1,14,16,176,178,3,AAA
NM_001178771.1,15,17,148,150,3,AAA
NM_001178771.1,15,17,46,48,3,AAA
NM_001178771.1,15,17,130,132,3,AAA
NM_001178771.1,15,17,15,17,3,AAA
NM_001178771.1,14,16,14,16,3,AAA
NM_001178771.1,15,17,235,237,3,AAA
NM_001178771.1,15,17,176,178,3,AAA
NM_001178771.1,130,132,130,132,3,AAA
NM_001178771.1,130,132,235,237,3,AAA
NM_001178771.1,130,132,176,178,3,AAA
NM_001178771.1,176,178,235,237,3,AAA
NM_001178771.1,176,178,176,178,3,AAA
NM_001178771.1,235,237,235,237,3,AAA
NM_001178771.1,127,129,234,236,3,AAC
NM_001178771.1,26,28,234,236,3,AAC
NM_001178771.1,47,49,85,87,3,AAC
NM_001178771.1,101,103,129,131,3,AAC
NM_001178771.1,26,28,85,87,3,AAC
NM_001178771.1,109,111,129,131,3,AAC
NM_001178771.1,47,49,126,128,3,AAC
NM_001178771.1,207,209,234,236,3,AAC
NM_001178771.1,109,111,126,128,3,AAC
NM_001178771.1,26,28,126,128,3,AAC
NM_001178771.1,47,49,187,189,3,AAC
NM_001178771.1,101,103,187,189,3,AAC
NM_001178771.1,127,129,187,189,3,AAC
NM_001178771.1,47,49,241,243,3,AAC
NM_001178771.1,101,103,241,243,3,AAC
NM_001178771.1,127,129,241,243,3,AAC
NM_001178771.1,26,28,33,35,3,AAC
NM_001178771.1,109,111,241,243,3,AAC
NM_001178771.1,26,28,241,243,3,AAC
NM_001178771.1,101,103,147,149,3,AAC
NM_001178771.1,127,129,147,149,3,AAC
NM_001178771.1,101,103,175,177,3,AAC
NM_001178771.1,127,129,175,177,3,AAC
NM_001178771.1,109,111,147,149,3,AAC
NM_001178771.1,26,28,147,149,3,AAC
NM_001178771.1,149,151,187,189,3,AAC
NM_001178771.1,109,111,175,177,3,AAC
NM_001178771.1,26,28,175,177,3,AAC
NM_001178771.1,26,28,45,47,3,AAC
NM_001178771.1,149,151,241,243,3,AAC
NM_001178771.1,86,88,234,236,3,AAC
NM_001178771.1,86,88,129,131,3,AAC
NM_001178771.1,47,49,206,208,3,AAC
NM_001178771.1,47,49,100,102,3,AAC
NM_001178771.1,86,88,187,189,3,AAC
NM_001178771.1,109,111,206,208,3,AAC
NM_001178771.1,26,28,206,208,3,AAC
NM_001178771.1,26,28,100,102,3,AAC
NM_001178771.1,86,88,241,243,3,AAC
NM_001178771.1,16,18,108,110,3,AAG
NM_001178771.1,16,18,21,23,3,AAG
NM_001178771.1,16,18,25,27,3,AAG
NM_001178771.1,22,24,108,110,3,AAG
NM_001178771.1,16,18,307,309,3,AAG
NM_001178771.1,131,133,307,309,3,AAG
NM_001178771.1,22,24,307,309,3,AAG
NM_001178771.1,16,18,157,159,3,AAG
NM_001178771.1,131,133,157,159,3,AAG
NM_001178771.1,22,24,157,159,3,AAG
NM_001178771.1,34,36,89,91,3,AAT
NM_001178771.1,8,10,89,91,3,AAT
NM_001178771.1,128,130,165,167,3,ACA
NM_001178771.1,128,130,261,263,3,ACA
NM_001178771.1,27,29,165,167,3,ACA
NM_001178771.1,27,29,261,263,3,ACA
NM_001178771.1,27,29,48,50,3,ACA
NM_001178771.1,27,29,27,29,3,ACA
NM_001178771.1,48,50,165,167,3,ACA
NM_001178771.1,48,50,261,263,3,ACA
NM_001178771.1,48,50,48,50,3,ACA
NM_001178771.1,165,167,165,167,3,ACA
NM_001178771.1,165,167,261,263,3,ACA
NM_001178771.1,261,263,261,263,3,ACA
NM_001178771.1,122,124,128,130,3,ACA
NM_001178771.1,122,124,165,167,3,ACA
NM_001178771.1,122,124,261,263,3,ACA
NM_001178771.1,27,29,163,165,3,ACA
NM_001178771.1,48,50,163,165,3,ACA
NM_001178771.1,128,130,163,165,3,ACA
NM_001178771.1,27,29,200,202,3,ACA
NM_001178771.1,48,50,200,202,3,ACA
NM_001178771.1,128,130,200,202,3,ACA
NM_001178771.1,122,124,163,165,3,ACA
NM_001178771.1,163,165,163,165,3,ACA
NM_001178771.1,122,124,200,202,3,ACA
NM_001178771.1,163,165,200,202,3,ACA
NM_001178771.1,200,202,200,202,3,ACA
NM_001178771.1,27,29,282,284,3,ACA
NM_001178771.1,48,50,282,284,3,ACA
NM_001178771.1,128,130,282,284,3,ACA
NM_001178771.1,27,29,122,124,3,ACA
NM_001178771.1,48,50,122,124,3,ACA
NM_001178771.1,165,167,282,284,3,ACA
NM_001178771.1,261,263,282,284,3,ACA
NM_001178771.1,282,284,282,284,3,ACA
NM_001178771.1,122,124,282,284,3,ACA
NM_001178771.1,163,165,282,284,3,ACA
NM_001178771.1,200,202,282,284,3,ACA
NM_001178771.1,122,124,122,124,3,ACA
NM_001178771.1,20,22,20,22,3,AGA
NM_001178771.1,107,109,107,109,3,AGA
NM_001178771.1,20,22,107,109,3,AGA
NM_001178771.1,107,109,213,215,3,AGA
NM_001178771.1,20,22,213,215,3,AGA
NM_001178771.1,107,109,284,286,3,AGA
NM_001178771.1,20,22,284,286,3,AGA
NM_001178771.1,107,109,229,231,3,AGA
NM_001178771.1,20,22,229,231,3,AGA
NM_001178771.1,213,215,213,215,3,AGA
NM_001178771.1,213,215,284,286,3,AGA
NM_001178771.1,213,215,229,231,3,AGA
NM_001178771.1,229,231,284,286,3,AGA
NM_001178771.1,229,231,229,231,3,AGA
NM_001178771.1,284,286,284,286,3,AGA
NM_001178771.1,213,215,252,254,3,AGA
NM_001178771.1,107,109,252,254,3,AGA
NM_001178771.1,20,22,252,254,3,AGA
NM_001178771.1,213,215,297,299,3,AGA
NM_001178771.1,107,109,297,299,3,AGA
NM_001178771.1,20,22,297,299,3,AGA
NM_001178771.1,252,254,252,254,3,AGA
NM_001178771.1,252,254,297,299,3,AGA
NM_001178771.1,297,299,297,299,3,AGA
NM_001178771.1,231,233,310,312,3,ATC
NM_001178771.1,286,288,310,312,3,ATC
NM_001178771.1,59,61,88,90,3,ATC
NM_001178771.1,59,61,310,312,3,ATC
NM_001178771.1,245,247,310,312,3,ATC
NM_001178771.1,145,147,224,226,3,ATC
NM_001178771.1,145,147,170,172,3,ATC
NM_001178771.1,59,61,250,252,3,ATC
NM_001178771.1,245,247,250,252,3,ATC
NM_001178771.1,226,228,250,252,3,ATC
NM_001178771.1,45,47,127,129,3,CAA
NM_001178771.1,85,87,149,151,3,CAA
NM_001178771.1,45,47,101,103,3,CAA
NM_001178771.1,129,131,207,209,3,CAA
NM_001178771.1,126,128,149,151,3,CAA
NM_001178771.1,45,47,207,209,3,CAA
NM_001178771.1,147,149,207,209,3,CAA
NM_001178771.1,175,177,207,209,3,CAA
NM_001178771.1,100,102,109,111,3,CAA
NM_001178771.1,45,47,109,111,3,CAA
NM_001178771.1,129,131,308,310,3,CAA
NM_001178771.1,85,87,308,310,3,CAA
NM_001178771.1,234,236,308,310,3,CAA
NM_001178771.1,126,128,308,310,3,CAA
NM_001178771.1,7,9,26,28,3,CAA
NM_001178771.1,7,9,127,129,3,CAA
NM_001178771.1,7,9,47,49,3,CAA
NM_001178771.1,7,9,207,209,3,CAA
NM_001178771.1,7,9,308,310,3,CAA
NM_001178771.1,7,9,86,88,3,CAA
NM_001178771.1,7,9,149,151,3,CAA
NM_001178771.1,33,35,127,129,3,CAA
NM_001178771.1,33,35,47,49,3,CAA
NM_001178771.1,33,35,109,111,3,CAA
NM_001178771.1,33,35,101,103,3,CAA
NM_001178771.1,241,243,308,310,3,CAA
NM_001178771.1,33,35,308,310,3,CAA
NM_001178771.1,33,35,86,88,3,CAA
NM_001178771.1,33,35,149,151,3,CAA
NM_001178771.1,260,262,260,262,3,CAC
NM_001178771.1,201,203,201,203,3,CAC
NM_001178771.1,73,75,260,262,3,CAC
NM_001178771.1,73,75,164,166,3,CAC
NM_001178771.1,73,75,201,203,3,CAC
NM_001178771.1,73,75,73,75,3,CAC
NM_001178771.1,135,137,162,164,3,CAT
NM_001178771.1,135,137,322,324,3,CAT
NM_001178771.1,217,219,311,313,3,CAT
NM_001178771.1,224,226,286,288,3,CTA
NM_001178771.1,224,226,231,233,3,CTA
NM_001178771.1,170,172,286,288,3,CTA
NM_001178771.1,170,172,231,233,3,CTA
NM_001178771.1,88,90,286,288,3,CTA
NM_001178771.1,88,90,231,233,3,CTA
NM_001178771.1,88,90,245,247,3,CTA
NM_001178771.1,151,153,248,250,3,CTG
NM_001178771.1,193,195,330,332,3,CTG
NM_001178771.1,95,97,330,332,3,CTG
NM_001178771.1,95,97,115,117,3,CTG
NM_001178771.1,75,77,330,332,3,CTG
NM_001178771.1,75,77,115,117,3,CTG
NM_001178771.1,75,77,248,250,3,CTG
NM_001178771.1,55,57,115,117,3,CTG
NM_001178771.1,55,57,248,250,3,CTG
NM_001178771.1,68,70,330,332,3,CTG
NM_001178771.1,68,70,248,250,3,CTG
NM_001178771.1,142,144,330,332,3,CTG
NM_001178771.1,142,144,248,250,3,CTG
NM_001178771.1,108,110,131,133,3,GAA
NM_001178771.1,25,27,131,133,3,GAA
NM_001178771.1,13,15,188,190,3,GAA
NM_001178771.1,21,23,131,133,3,GAA
NM_001178771.1,21,23,188,190,3,GAA
NM_001178771.1,13,15,22,24,3,GAA
NM_001178771.1,157,159,188,190,3,GAA
NM_001178771.1,62,64,62,64,3,GCG
NM_001178771.1,268,270,268,270,3,GCG
NM_001178771.1,139,141,139,141,3,GCG
NM_001178771.1,195,197,268,270,3,GCG
NM_001178771.1,62,64,195,197,3,GCG
NM_001178771.1,195,197,195,197,3,GCG
NM_001178771.1,223,227,244,248,5,GCTAT
NM_001178771.1,169,173,244,248,5,GCTAT
NM_001178771.1,115,117,193,195,3,GTC
NM_001178771.1,115,117,290,292,3,GTC
NM_001178771.1,248,250,256,258,3,GTC
NM_001178771.1,248,250,290,292,3,GTC
NM_001178771.1,70,72,180,182,3,GTG
NM_001178771.1,180,182,180,182,3,GTG
NM_001178771.1,70,72,70,72,3,GTG
NM_001178771.1,155,157,155,157,3,GTG
NM_001178771.1,70,72,155,157,3,GTG
NM_001178771.1,155,157,180,182,3,GTG
NM_001178771.1,89,91,242,244,3,TAA
NM_001178771.1,89,91,177,179,3,TAA
NM_001178771.1,89,91,236,238,3,TAA
NM_001178771.1,89,91,158,160,3,TAA
NM_001178771.1,162,164,217,219,3,TAC
NM_001178771.1,93,95,217,219,3,TAC
NM_001178771.1,93,95,135,137,3,TAC
NM_001178771.1,58,62,223,227,5,TATCG
NM_001178771.1,58,62,169,173,5,TATCG
NM_001178771.1,56,58,56,58,3,TGT
NM_001178771.1,56,58,69,71,3,TGT
NM_001178771.1,219,221,291,293,3,TGT
NM_001178771.1,56,58,76,78,3,TGT
NM_001178771.1,56,58,291,293,3,TGT
NM_001178771.1,179,181,179,181,3,TGT
NM_001178771.1,179,181,291,293,3,TGT
NM_001178771.1,69,71,219,221,3,TGT
NM_001178771.1,69,71,69,71,3,TGT
NM_001178771.1,69,71,179,181,3,TGT
NM_001178771.1,69,71,76,78,3,TGT
NM_001178771.1,69,71,291,293,3,TGT
NM_001178771.1,69,71,294,296,3,TGT
NM_001178771.1,56,58,294,296,3,TGT
NM_001178771.1,294,296,294,296,3,TGT
NM_001178771.1,76,78,219,221,3,TGT
NM_001178771.1,76,78,179,181,3,TGT
NM_001178771.1,76,78,76,78,3,TGT
NM_001178771.1,76,78,291,293,3,TGT
NM_001178771.1,291,293,291,293,3,TGT
NM_001178771.1,41,43,56,58,3,TGT
NM_001178771.1,41,43,219,221,3,TGT
NM_001178771.1,41,43,69,71,3,TGT
NM_001178771.1,41,43,179,181,3,TGT
