DP00072,17347,17352,20515,20520,6,APPGPP
DP00072,17347,17352,28093,28098,6,APPGPP
DP00072,9069,9074,20629,20634,6,ARLILT
DP00072,10368,10374,10368,10374,7,AVPVPVA
DP00072,30219,30224,30219,30224,6,DYVVYD
DP00072,17495,17500,27452,27457,6,EATIET
DP00072,10438,10444,10438,10444,7,EEEREEE
DP00072,1036,1041,9563,9568,6,EEFEKE
DP00072,32887,32892,32887,32892,6,EEKKEE
DP00072,1268,1273,1268,1273,6,EELLEE
DP00072,10456,10462,11730,11736,7,EEPEEYV
DP00072,10537,10543,10908,10914,7,EEPKKPV
DP00072,11872,11877,12131,12136,6,EEVVLK
DP00072,10670,10677,10670,10677,8,EEYEEYEE
DP00072,956,961,9283,9288,6,EGESVT
DP00072,16011,16016,16011,16016,6,EGPPGE
DP00072,9552,9557,9552,9557,6,EIEEIE
DP00072,1215,1221,1215,1221,7,EKEYEKE
DP00072,10254,10264,10254,10264,11,EKKPVPVPKKE
DP00072,10254,10259,10523,10528,6,EKKPVP
DP00072,11254,11259,32217,32222,6,EKKVLV
DP00072,33918,33924,33918,33924,7,EKLALKE
DP00072,10924,10929,11787,11792,6,EKPPPA
DP00072,12325,12330,17205,17210,6,ELLKPI
DP00072,3708,3714,3708,3714,7,ELLVLLE
DP00072,7496,7501,9832,9837,6,ELRAIV
DP00072,11758,11764,11961,11967,7,EPEVPPP
DP00072,9268,9273,11525,11530,6,EPKKPP
DP00072,9268,9273,11469,11474,6,EPKKPP
DP00072,9268,9273,11553,11558,6,EPKKPP
DP00072,10538,10543,11665,11670,6,EPKKPV
DP00072,10538,10543,11691,11696,6,EPKKPV
DP00072,11947,11953,11947,11953,7,EPKPKPE
DP00072,18141,18146,19527,19532,6,EPPELI
DP00072,19422,19427,21498,21503,6,EPPGPP
DP00072,23158,23163,31712,31717,6,ETLNVI
DP00072,1213,1219,1213,1219,7,EYEKEYE
DP00072,16630,16635,17348,17353,6,FPPGPP
DP00072,12360,12365,16593,16598,6,GELLRP
DP00072,26416,26422,28682,28688,7,GPPGPIR
DP00072,21497,21502,26513,26518,6,GPPGPP
DP00072,21401,21406,22185,22190,6,GPPGPV
DP00072,21401,21406,23267,23272,6,GPPGPV
DP00072,26029,26034,26029,26034,6,IEPPEI
DP00072,28683,28688,29377,29382,6,IPGPPG
DP00072,5554,5562,5554,5562,9,ISVTDTVSI
DP00072,10735,10740,10735,10740,6,KAPPAK
DP00072,10193,10198,16363,16368,6,KEIVTE
DP00072,11791,11797,11791,11797,7,KEPEPEK
DP00072,7398,7403,27019,27024,6,KGSDVI
DP00072,600,605,15979,15984,6,KIMKET
DP00072,10255,10264,10888,10897,10,KKPVPVPKKE
DP00072,10889,10897,10889,10897,9,KKPVPVPKK
DP00072,4374,4379,30610,30615,6,KLTVVK
DP00072,10760,10765,10760,10765,6,KPPPPK
DP00072,19664,19670,20752,20758,7,KREADRK
DP00072,857,862,11219,11224,6,KSVKAP
DP00072,12384,12389,22883,22888,6,KVKLDQ
DP00072,1924,1929,5874,5879,6,KVKLEI
DP00072,25185,25190,31667,31672,6,KWSIVA
DP00072,18140,18145,18140,18145,6,LEPPEL
DP00072,8883,8888,18142,18147,6,LILEPP
DP00072,5971,5976,27303,27308,6,LKEPPS
DP00072,9332,9337,29274,29279,6,LRDVAK
DP00072,27190,27195,27190,27195,6,LSAASL
DP00072,10849,10854,11063,11068,6,LVEEEE
DP00072,10849,10854,11056,11061,6,LVEEEE
DP00072,10849,10854,11049,11054,6,LVEEEE
DP00072,8192,8197,22460,22465,6,NTATLT
DP00072,19515,19520,23862,23867,6,PAELKE
DP00072,11884,11889,11884,11889,6,PEEEEP
DP00072,339,344,11961,11966,6,PEVPPP
DP00072,581,587,1070,1076,7,PGAQEET
DP00072,26415,26420,26415,26420,6,PGPPGP
DP00072,26415,26420,29376,29381,6,PGPPGP
DP00072,29376,29381,29376,29381,6,PGPPGP
DP00072,21400,21405,26415,26420,6,PGPPGP
DP00072,21400,21405,29376,29381,6,PGPPGP
DP00072,15111,15116,21597,21602,6,PGPPYA
DP00072,10511,10516,11780,11785,6,PKKIVP
DP00072,9269,9274,11622,11627,6,PKKPPV
DP00072,9861,9866,28089,28094,6,PPDIPD
DP00072,9861,9866,14906,14911,6,PPDIPD
DP00072,9861,9866,22282,22287,6,PPDIPD
DP00072,9861,9866,21199,21204,6,PPDIPD
DP00072,26417,26423,30856,30862,7,PPGPIRI
DP00072,18336,18341,18729,18734,6,PPGPPK
DP00072,18336,18341,25827,25832,6,PPGPPK
DP00072,16631,16636,26512,26517,6,PPGPPS
DP00072,25828,25833,26512,26517,6,PPGPPS
DP00072,21599,21604,26512,26517,6,PPGPPS
DP00072,25929,25934,26512,26517,6,PPGPPS
DP00072,11378,11383,11378,11383,6,PPKKPP
DP00072,11808,11813,11808,11813,6,PPPPPP
DP00072,33054,33060,33054,33060,7,PPSRSPP
DP00072,11109,11115,11109,11115,7,PVPAPVP
DP00072,10724,10731,10724,10731,8,PVPEEPVP
DP00072,10523,10528,10888,10893,6,PVPKKE
DP00072,7284,7289,30019,30024,6,QLSVKE
DP00072,11019,11024,11717,11722,6,REPVPV
DP00072,851,856,34022,34027,6,SAQKIT
DP00072,4256,4262,4256,4262,7,SEEKEES
DP00072,9285,9290,33499,33504,6,SEGEYV
DP00072,34190,34195,34190,34195,6,SFSSFS
DP00072,8622,8627,18580,18585,6,SGSSVV
DP00072,33153,33158,33153,33158,6,SKEEKS
DP00072,6462,6468,6462,6468,7,SLECELS
DP00072,15928,15933,16631,16636,6,SPPGPP
DP00072,15928,15933,25828,25833,6,SPPGPP
DP00072,15928,15933,21599,21604,6,SPPGPP
DP00072,15928,15933,25929,25934,6,SPPGPP
DP00072,11958,11963,20648,20653,6,TIKPPP
DP00072,24065,24070,24065,24070,6,TVDDVT
DP00072,32641,32649,32641,32649,9,TVHPEPHVT
DP00072,7380,7385,10615,10620,6,TVKAPP
DP00072,17251,17256,17251,17256,6,TVSSVT
DP00072,8028,8033,8028,8033,6,VASSAV
DP00072,2704,2709,24052,24057,6,VEAVKI
DP00072,14451,14456,30895,30900,6,VEKREV
DP00072,26648,26653,31192,31197,6,VERREL
DP00072,10107,10112,11399,11404,6,VIKKPV
DP00072,7381,7386,11697,11702,6,VKAPPV
DP00072,10627,10632,10627,10632,6,VKEEKV
DP00072,6823,6828,11793,11798,6,VKEPEP
DP00072,10520,10525,11109,11114,6,VPAPVP
DP00072,21399,21406,21399,21406,8,VPGPPGPV
DP00072,10274,10279,11705,11710,6,VPKKPV
DP00072,10246,10251,11705,11710,6,VPKKPV
DP00072,10934,10939,11705,11710,6,VPKKPV
DP00072,10962,10967,11705,11710,6,VPKKPV
DP00072,10274,10279,10962,10967,6,VPKKPV
DP00072,10274,10279,10934,10939,6,VPKKPV
DP00072,10274,10279,10274,10279,6,VPKKPV
DP00072,10246,10251,10962,10967,6,VPKKPV
DP00072,10246,10251,10934,10939,6,VPKKPV
DP00072,10246,10251,10246,10251,6,VPKKPV
DP00072,10246,10251,10274,10279,6,VPKKPV
DP00072,10934,10939,10962,10967,6,VPKKPV
DP00072,10934,10939,10934,10939,6,VPKKPV
DP00072,10962,10967,10962,10967,6,VPKKPV
DP00072,11705,11710,11705,11710,6,VPKKPV
DP00072,16592,16597,33131,33136,6,VPRLLE
DP00072,10944,10949,11021,11026,6,VPVPVP
DP00072,386,391,26400,26405,6,VTISGA
DP00072,22890,22895,32873,32878,6,VTKTSV
DP00072,18975,18980,31666,31671,6,WSIVAS
DP00072,10706,10712,10706,10712,7,YEEHEEY
DP00072,10672,10678,10672,10678,7,YEEYEEY
